12.000000 25.000000 0.000000 1.000408 0 0.000000 0.000000 
12.000000 25.000000 0.000000 2.017452 0 0.000000 0.000000 
17.457062 25.000000 0.000000 3.017977 0 0.000000 0.000000 
24.318583 25.000000 0.000000 4.035007 0 0.000000 0.000000 
31.069565 25.000000 0.000000 5.035543 0 0.000000 0.000000 
37.818977 25.000000 0.000000 6.035916 0 0.000000 0.000000 
44.569351 25.000000 0.000000 7.036420 0 0.000000 0.000000 
51.319263 25.000000 0.000000 8.036866 0 0.000000 0.000000 
58.069271 25.000000 0.000000 9.037292 0 0.000000 0.000000 
64.819084 25.000000 0.000000 10.037730 0 0.000000 0.000000 
71.569351 25.000000 0.000000 11.038195 0 0.000000 0.000000 
78.040779 25.000000 0.000000 12.038552 0 0.000000 0.000000 
79.896156 25.000000 -0.000523 13.039083 0 0.000000 0.000000 
80.134247 24.969719 -0.560331 14.039436 0 0.000000 0.000000 
80.154655 24.946600 -1.421873 15.039973 0 0.000000 0.000000 
80.154839 24.942478 -1.536886 16.040331 0 0.000000 0.000000 
80.154839 24.941963 -0.787647 17.040754 0 0.000000 0.000000 
80.154839 24.941936 0.103554 18.041288 0 0.000000 0.000000 
80.154839 24.941936 0.095746 19.041702 0 0.000000 0.000000 
81.525772 24.954252 -0.001145 20.042236 0 0.000000 0.000000 
84.021355 24.931973 -0.039933 21.042669 0 0.000000 0.000000 
84.551521 24.815805 -0.702134 22.043125 0 0.000000 0.000000 
84.589554 24.757460 -1.574897 23.026768 0 0.000000 0.000000 
84.588600 24.747791 -1.667143 24.027184 0 0.000000 0.000000 
84.588440 24.746538 -1.786091 25.027712 0 0.000000 0.000000 
83.376945 19.542961 -1.803759 26.028156 0 0.000000 0.000000 
82.179932 13.586634 -1.684542 27.028513 0 0.000000 0.000000 
82.008682 11.602174 -1.640281 28.028976 0 0.000000 0.000000 
81.925552 10.357375 -1.634497 29.029467 0 0.000000 0.000000 
81.915253 10.194692 -1.633741 30.029919 0 0.000000 0.000000 
