57.232250 24.580666 -3.157301 1.025675 0 0.000000 0.000000 
50.504025 24.686365 -3.157301 2.026195 0 0.000000 0.000000 
43.752125 24.792439 -3.157301 3.026461 0 0.000000 0.000000 
37.002377 24.898481 -3.157301 4.026907 0 0.000000 0.000000 
30.974819 25.036791 -3.255169 5.035434 0 0.000000 0.000000 
29.710791 25.415279 -3.824603 6.035945 0 0.000000 0.000000 
29.599649 25.544004 -4.352160 7.044974 0 0.000000 0.000000 
29.595625 25.564846 -4.709891 8.070147 0 0.000000 0.000000 
29.595329 25.567406 -4.275368 9.070588 0 0.000000 0.000000 
29.595135 25.567675 -3.732221 10.087782 0 0.000000 0.000000 
29.595104 25.567682 -3.317524 11.104729 0 0.000000 0.000000 
29.595104 25.567682 -3.116887 12.121824 0 0.000000 0.000000 
27.741247 25.470480 -3.085294 13.122293 0 0.000000 0.000000 
25.746389 25.421734 -3.134162 14.122700 0 0.000000 0.000000 
24.597502 25.436661 -3.352316 15.123130 0 0.000000 0.000000 
24.462652 25.497231 -3.987155 16.106886 0 0.000000 0.000000 
24.452583 25.514416 -4.546926 17.123983 0 0.000000 0.000000 
24.452366 25.516874 -4.761485 18.124512 0 0.000000 0.000000 
24.452366 25.517191 -4.867201 19.100136 0 0.000000 0.000000 
24.770464 27.247711 -4.896560 20.100664 0 0.000000 0.000000 
25.377073 30.312809 -4.899251 20.575571 1 0.025581 -0.027930 
25.480001 30.409792 -4.899334 20.600878 2 0.070785 -0.073027 
25.580997 30.510523 -4.899410 20.625534 3 0.069190 -0.067421 
25.967026 30.956532 -4.899684 20.725601 4 0.062994 -0.048329 
26.144352 31.202795 -4.899801 20.775618 5 0.056060 -0.037837 
26.232370 31.337851 -4.899856 20.800976 6 0.055756 -0.035070 
26.394100 31.614233 -4.899956 20.850996 7 0.046940 -0.025486 
26.468124 31.755926 -4.900002 20.875782 8 0.043030 -0.021611 
26.540359 31.905930 -4.900046 20.900927 9 0.040236 -0.018557 
26.669111 32.211311 -4.900128 20.950926 10 0.029882 -0.011447 
26.725597 32.366375 -4.900166 20.975798 11 0.025361 -0.008767 
26.761101 32.472935 -4.900189 20.992388 12 0.014379 -0.004612 
26.793346 32.577385 -4.900212 21.009047 13 0.011734 -0.003482 
26.824545 32.687080 -4.900235 21.025806 14 0.009841 -0.002678 
26.878309 32.903595 -4.900277 21.059080 15 0.004941 -0.001111 
26.901335 33.011608 -4.900298 21.075815 16 0.002398 -0.000483 
26.943277 33.232170 -4.900336 21.109251 16 0.000000 0.000000 
27.010899 33.670044 -4.900405 21.175756 17 -0.015869 -0.001049 
27.004795 33.781090 -4.900421 21.192471 18 -0.027461 -0.001203 
27.001198 34.109436 -4.900466 21.242496 19 -0.019379 0.000424 
27.004967 34.222797 -4.900480 21.259253 20 -0.017657 0.000788 
27.018536 34.444630 -4.900506 21.292534 21 -0.013815 0.000975 
27.011715 34.552654 -4.900518 21.309286 23 -0.027534 -0.000781 
27.011393 34.662655 -4.900530 21.325872 24 -0.021541 -0.001457 
27.005301 34.769840 -4.900542 21.342560 25 -0.026734 -0.001232 
27.000004 34.994167 -4.900565 21.376602 26 -0.022740 -0.000027 
27.004446 35.210793 -4.900585 21.409231 27 -0.017081 0.000721 
27.010798 35.544529 -4.900614 21.459204 29 -0.029229 -0.000645 
27.012131 35.651920 -4.900623 21.475927 30 -0.019381 -0.001352 
27.001667 35.870872 -4.900640 21.509323 31 -0.024475 -0.000632 
27.000031 35.982368 -4.900648 21.525908 32 -0.022891 -0.000081 
27.000839 36.091587 -4.900655 21.542643 33 -0.019930 0.000365 
27.009876 36.314110 -4.900670 21.576021 34 -0.014952 0.000941 
27.018316 36.427589 -4.900677 21.592720 35 -0.012970 0.001113 
27.011765 36.535004 -4.900684 21.609314 37 -0.027118 -0.000522 
27.012514 36.646461 -4.900691 21.626093 38 -0.020769 -0.001472 
27.006096 36.753162 -4.900697 21.642702 39 -0.027005 -0.001335 
27.001842 36.864243 -4.900703 21.659309 40 -0.025552 -0.000694 
27.000071 36.973461 -4.900709 21.676111 41 -0.022608 -0.000120 
27.003801 37.194942 -4.900721 21.709417 42 -0.017700 0.000691 
27.009508 37.308193 -4.900726 21.726097 43 -0.015692 0.000969 
27.011780 37.529118 -4.900214 21.759378 44 -0.027012 -0.000435 
27.013226 37.636559 -4.899186 21.776100 45 -0.019240 -0.001402 
27.006414 37.746811 -4.897679 21.792681 46 -0.027916 -0.001415 
27.002115 37.854584 -4.895693 21.809338 47 -0.024636 -0.000717 
27.000578 38.075962 -4.890356 21.842707 48 -0.019397 0.000295 
27.008972 38.299393 -4.883292 21.876146 49 -0.013840 0.000830 
27.015034 38.521111 -4.874668 21.909422 50 -0.020356 -0.000344 
27.013508 38.632713 -4.869769 21.926134 51 -0.020038 -0.001476 
27.006729 38.740696 -4.864515 21.942823 52 -0.024113 -0.001252 
27.000145 38.961864 -4.853004 21.976116 53 -0.018070 -0.000138 
27.000565 39.075077 -4.846756 21.992756 54 -0.015572 0.000234 
27.008980 39.299522 -4.833269 22.026186 55 -0.009005 0.000540 
27.020533 39.522995 -4.818627 22.059555 56 -0.009263 -0.000426 
27.013645 39.630856 -4.810940 22.076128 57 -0.018535 -0.001372 
27.006552 39.744125 -4.802911 22.092861 58 -0.018385 -0.000942 
27.002148 39.853497 -4.794675 22.109491 58 -0.000001 -0.000000 
27.012947 40.640415 -4.740772 22.226202 59 -0.010643 -0.000767 
27.001839 40.864429 -4.727587 22.259525 60 -0.006859 -0.000186 
27.000811 41.089989 -4.715222 22.292971 61 -0.000266 0.000005 
26.994427 41.763981 -4.679848 22.392950 62 0.001405 -0.000066 
26.998430 41.874733 -4.673050 22.409687 63 0.007614 -0.000191 
26.999010 42.099468 -4.658631 22.443024 64 0.004116 0.000082 
26.979551 42.548252 -4.626487 22.509766 65 0.006574 -0.000596 
26.988441 42.660213 -4.617883 22.526333 66 0.018640 -0.001270 
26.994690 42.769630 -4.608979 22.543020 67 0.016693 -0.000770 
26.999994 42.992889 -4.590514 22.576363 68 0.013787 -0.000020 
26.995270 43.217434 -4.571147 22.609804 69 0.010918 0.000475 
26.985674 43.545883 -4.543802 22.659786 71 0.022123 -0.000731 
26.987478 43.646366 -4.535283 22.676456 72 0.019139 -0.001357 
26.999489 43.928570 -4.511419 22.726404 73 0.020032 -0.000286 
26.996532 44.186176 -4.489789 22.776527 74 0.015698 0.000585 
26.984970 44.490768 -4.464214 22.843246 75 0.020288 0.000150 
26.981506 44.558548 -4.458360 22.859882 77 0.013973 -0.001029 
26.985792 44.623348 -4.452700 22.876520 78 0.021533 -0.001627 
26.993614 44.747391 -4.441905 22.909904 79 0.020299 -0.001027 
26.998152 44.864037 -4.431808 22.943323 80 0.018234 -0.000496 
26.999353 44.919628 -4.427012 22.960028 81 0.017304 -0.000278 
26.999939 45.024807 -4.419511 22.993177 82 0.015411 0.000076 
26.999434 45.075207 -4.416708 23.009842 83 0.014626 0.000220 
26.997055 45.171566 -4.412920 23.043270 84 0.013018 0.000447 
26.993153 45.261597 -4.411452 23.076586 85 0.011432 0.000599 
26.990721 45.304489 -4.411535 23.093248 86 0.010678 0.000652 
26.988012 45.346012 -4.412138 23.109911 87 0.009961 0.000691 
26.988012 45.346012 -4.412138 23.109911 87 0.000001 0.000000 
26.981894 45.425125 -4.414835 23.143236 88 0.008549 0.000730 
26.978985 45.462898 -4.416907 23.159967 89 0.008462 0.000694 
26.981663 45.498764 -4.419435 23.176693 91 0.013587 0.000022 
26.978336 45.532661 -4.422390 23.193342 93 0.007085 -0.000620 
26.981039 45.564976 -4.425773 23.210005 94 0.012677 -0.001107 
26.986057 45.626854 -4.433766 23.243378 95 0.011446 -0.000857 
26.988178 45.656372 -4.438336 23.260025 96 0.010776 -0.000742 
26.990070 45.685051 -4.443281 23.276690 97 0.010136 -0.000640 
26.993231 45.739895 -4.454234 23.310017 98 0.008876 -0.000462 
26.994526 45.766102 -4.460219 23.326679 99 0.008318 -0.000390 
26.996622 45.816223 -4.473157 23.360022 100 0.007219 -0.000266 
26.997456 45.840534 -4.480193 23.376949 101 0.006816 -0.000217 
26.998697 45.885902 -4.494803 23.410036 102 0.005721 -0.000131 
26.999496 45.929092 -4.510699 23.443535 103 0.004906 -0.000070 
26.999987 45.988544 -4.533179 23.493393 104 0.003704 -0.000008 
26.999990 46.000008 -4.540225 23.510120 105 0.003392 -0.007253 
26.999989 46.000000 -4.636941 23.826982 106 0.000778 -0.009966 
26.999989 46.000000 -4.640497 23.843620 107 0.000712 -0.009570 
26.999990 46.000000 -4.643942 23.860294 108 0.000658 -0.009272 
26.999990 46.000000 -4.647261 23.876911 109 0.000603 -0.008937 
26.999990 46.000000 -4.650496 23.893669 110 0.000560 -0.008716 
26.999992 46.000000 -4.653610 23.910355 111 0.000513 -0.008388 
26.999992 46.000000 -4.656619 23.927034 112 0.000470 -0.008105 
26.999992 46.000000 -4.659524 23.943695 113 0.000430 -0.007827 
26.999994 46.000000 -4.662335 23.960371 114 0.000394 -0.007575 
26.999994 46.000000 -4.665039 23.976967 115 0.000358 -0.007289 
26.999994 46.000000 -4.667683 23.993752 116 0.000332 -0.007129 
27.000000 45.999352 -4.670207 24.010330 117 -0.000029 -0.000000 
27.000008 45.991215 -4.672665 24.027027 118 -0.000336 -0.000001 
27.000059 45.975857 -4.675037 24.043701 119 -0.000560 -0.000003 
27.000574 45.924240 -4.679560 24.077148 120 -0.000666 -0.000010 
27.002344 45.846920 -4.683758 24.110374 120 -0.000000 -0.000000 
27.009523 45.308449 -4.698022 24.243717 121 -0.004307 0.000266 
27.001526 45.123528 -4.701034 24.277176 122 -0.004438 0.000110 
27.000065 45.025314 -4.702449 24.293728 123 -0.002577 0.000013 
27.001873 44.136814 -4.712276 24.427137 124 -0.002459 0.000067 
26.998512 43.121986 -4.720575 24.577326 125 0.002304 0.000056 
26.999994 43.007561 -4.720825 24.593956 126 0.002419 0.000004 
26.998882 42.105713 -4.705099 24.727282 127 0.002483 0.000053 
26.999996 41.994518 -4.701139 24.744007 128 0.000304 -0.000000 
27.010170 41.318748 -4.677182 24.844038 129 -0.004424 0.000283 
27.004158 41.203857 -4.673617 24.860823 130 -0.010073 0.000411 
27.000042 40.979374 -4.666904 24.894093 131 -0.005628 -0.000023 
27.001724 40.868706 -4.663708 24.910755 132 -0.003351 -0.000088 
27.006063 40.753834 -4.660607 24.927483 133 -0.001255 -0.000062 
27.017611 40.419285 -4.651950 24.977438 134 -0.006813 0.000573 
27.009390 40.306274 -4.649261 24.994051 135 -0.015116 0.000928 
27.000666 40.081532 -4.644116 25.027481 136 -0.010737 0.000175 
27.002056 39.856640 -4.639323 25.060820 137 -0.006131 -0.000176 
27.013554 39.632107 -4.634851 25.094110 138 -0.001494 -0.000110 
27.022171 39.521183 -4.632711 25.110865 138 0.000000 0.000000 
27.016676 39.408012 -4.630650 25.127569 139 -0.014628 0.001198 
27.003460 39.185993 -4.626753 25.160791 140 -0.015022 0.000559 
27.000576 39.075851 -4.624894 25.177469 141 -0.012356 0.000187 
27.002213 38.851299 -4.621362 25.210800 142 -0.007791 -0.000232 
27.016315 38.403591 -4.614973 25.277510 143 -0.018126 0.001468 
27.014578 37.618458 -4.613181 25.394245 144 -0.004008 -0.000307 
27.024231 37.508343 -4.614916 25.410898 145 -0.001295 -0.000128 
27.015656 37.395367 -4.617130 25.427660 146 -0.019775 0.001569 
27.008209 37.286385 -4.619256 25.444313 147 -0.017959 0.001030 
27.000376 37.061310 -4.623333 25.477905 148 -0.012802 0.000157 
27.000261 36.948891 -4.625227 25.494339 149 -0.010143 -0.000104 
27.002604 36.838638 -4.627083 25.510981 150 -0.007270 -0.000235 
27.007597 36.724491 -4.628877 25.527630 151 -0.004746 -0.000262 
27.015299 36.390827 -4.633921 25.577692 152 -0.017842 0.001399 
27.000290 36.053883 -4.638471 25.627699 153 -0.011098 0.000120 
27.000320 35.943378 -4.639889 25.644384 154 -0.008146 -0.000092 
27.002930 35.828880 -4.641261 25.661081 155 -0.005692 -0.000195 
27.015657 35.604610 -4.643860 25.694365 156 -0.000234 -0.000019 
27.014566 35.381386 -4.646292 25.727695 157 -0.016355 0.001251 
27.007364 35.271278 -4.647454 25.744444 158 -0.014543 0.000790 
27.002485 35.157600 -4.648570 25.761099 159 -0.012297 0.000388 
27.000448 34.932987 -4.650695 25.794462 160 -0.006827 -0.000092 
27.003153 34.822468 -4.651704 25.811131 161 -0.004114 -0.000146 
27.014050 34.374569 -4.655413 25.877756 162 -0.014166 0.001064 
27.006775 34.260193 -4.656271 25.894550 163 -0.013840 0.000721 
27.003555 33.811470 -4.659401 25.961176 164 -0.003128 -0.000118 
27.008932 33.701256 -4.660118 25.977808 165 -0.000467 -0.000028 
27.053919 32.802212 -4.665072 26.111185 165 0.000000 0.000000 
27.289593 26.736271 -4.678885 27.103508 165 0.000000 0.000000 
27.456566 21.555756 -4.680699 28.103947 165 0.000000 0.000000 
27.475971 20.943718 -4.680933 29.104387 165 0.000000 0.000000 
27.472969 21.039064 -4.680964 30.104784 165 0.000000 0.000000 
