12.000053 25.000000 0.000000 1.000329 0 0.000000 0.000000 
17.456772 25.000000 0.000000 2.017504 0 0.000000 0.000000 
24.318584 25.000000 0.000000 3.034545 0 0.000000 0.000000 
31.068680 25.000000 0.000000 4.034987 0 0.000000 0.000000 
37.819420 25.000000 0.000000 5.035518 0 0.000000 0.000000 
44.569115 25.000000 0.000000 6.035941 0 0.000000 0.000000 
51.319164 25.000000 0.000000 7.036366 0 0.000000 0.000000 
58.069420 25.000000 0.000000 8.036834 0 0.000000 0.000000 
64.933197 25.000000 0.000000 9.053864 0 0.000000 0.000000 
71.683823 25.000000 0.000000 10.054414 0 0.000000 0.000000 
78.543648 25.000000 0.000000 11.071425 0 0.000000 0.000000 
82.117111 24.963377 -0.160632 12.088578 0 0.000000 0.000000 
82.535378 24.786102 -0.964858 13.105658 0 0.000000 0.000000 
82.554314 24.731979 -1.586021 14.106185 0 0.000000 0.000000 
82.553986 24.724335 -1.576956 15.123251 0 0.000000 0.000000 
82.558487 23.546465 -1.567854 16.123695 0 0.000000 0.000000 
82.567139 16.790340 -1.570411 17.124203 0 0.000000 0.000000 
82.568115 11.751572 -1.570746 18.124557 0 0.000000 0.000000 
82.568115 7.298665 -1.570789 19.125086 0 0.000000 0.000000 
82.568115 5.694230 -1.570795 20.108749 0 0.000000 0.000000 
82.568115 5.219585 -1.570795 21.109274 0 0.000000 0.000000 
82.568115 5.157573 -1.570795 22.109646 0 0.000000 0.000000 
82.568115 5.149467 -1.570795 23.110104 0 0.000000 0.000000 
