14.543880 25.000000 0.000000 1.000422 0 0.000000 0.000000 
21.317469 25.000000 0.000000 2.000825 0 0.000000 0.000000 
28.070879 25.000000 0.000000 3.001320 0 0.000000 0.000000 
34.821411 25.000000 0.000000 4.001788 0 0.000000 0.000000 
41.570984 25.000000 0.000000 5.002159 0 0.000000 0.000000 
48.486557 25.000000 0.000000 6.027798 0 0.000000 0.000000 
55.237125 25.000000 0.000000 7.028304 0 0.000000 0.000000 
61.987190 25.000000 0.000000 8.028767 0 0.000000 0.000000 
68.882378 25.000000 0.000000 9.054000 0 0.000000 0.000000 
75.741920 25.000000 0.000000 10.071046 0 0.000000 0.000000 
80.936089 25.000000 0.000000 11.071463 0 0.000000 0.000000 
81.850647 24.999800 -0.017452 12.088556 0 0.000000 0.000000 
81.962219 24.979172 -0.658188 13.089080 0 0.000000 0.000000 
81.971237 24.967503 -1.404729 14.089465 0 0.000000 0.000000 
81.971336 24.965567 -1.528800 15.089893 0 0.000000 0.000000 
82.370613 20.654137 -1.522484 16.090391 0 0.000000 0.000000 
82.564735 13.904656 -1.551208 17.090862 0 0.000000 0.000000 
82.874756 8.145619 -1.487811 18.091316 0 0.000000 0.000000 
82.991089 6.830472 -1.478022 19.091692 0 0.000000 0.000000 
83.068314 6.005868 -1.476742 20.092192 0 0.000000 0.000000 
