14.703178 25.000000 -0.000000 1.025665 0 0.000000 0.000000 
21.476538 25.000000 -0.000000 2.026206 0 0.000000 0.000000 
28.229359 25.000000 -0.000000 3.026653 0 0.000000 0.000000 
34.978962 25.000000 -0.000000 4.026992 0 0.000000 0.000000 
41.894543 25.000000 -0.000000 5.052169 0 0.000000 0.000000 
48.644550 25.000000 -0.000000 6.052616 0 0.000000 0.000000 
55.395252 25.000000 -0.000000 7.053154 0 0.000000 0.000000 
62.144714 25.000000 -0.000000 8.053517 0 0.000000 0.000000 
68.874207 25.000000 -0.000000 9.054031 0 0.000000 0.000000 
75.734505 25.000000 -0.000000 10.071076 0 0.000000 0.000000 
80.078392 24.986242 -0.074718 11.054912 0 0.000000 0.000000 
80.713264 24.801640 -0.790872 12.063958 0 0.000000 0.000000 
80.757088 24.729841 -1.459717 13.055836 0 0.000000 0.000000 
80.671638 21.610395 -1.556059 14.056186 0 0.000000 0.000000 
80.923424 19.837406 -1.284239 15.056616 0 0.000000 0.000000 
80.585999 20.834610 -1.246590 16.057087 0 0.000000 0.000000 
79.383453 24.380306 -1.241670 17.057510 0 0.000000 0.000000 
78.972282 25.579370 -1.209574 18.058043 0 0.000000 0.000000 
80.288559 22.052019 -1.389401 19.058411 0 0.000000 0.000000 
80.569969 19.500757 -1.525432 19.458656 1 0.014711 0.014426 
80.689049 19.375046 -1.532527 19.492001 2 0.055562 0.050833 
80.747543 19.309971 -1.535934 19.508850 3 0.054170 0.047845 
80.921341 19.102114 -1.542283 19.558710 4 0.054853 0.043393 
80.976753 19.030743 -1.543231 19.575317 5 0.052242 0.039814 
81.195755 18.719492 -1.541662 19.642029 6 0.049455 0.032054 
81.299721 18.551941 -1.537902 19.675354 7 0.047051 0.027925 
81.351013 18.463472 -1.535329 19.692049 8 0.047492 0.026889 
81.399254 18.376244 -1.532326 19.708693 9 0.044300 0.023928 
81.493973 18.191854 -1.525028 19.742170 10 0.041059 0.020026 
81.539703 18.095501 -1.521315 19.758846 11 0.040456 0.018674 
81.582039 18.001228 -1.517752 19.775402 12 0.036874 0.016105 
81.737724 17.598106 -1.504556 19.842087 13 0.028300 0.009546 
81.833740 17.278666 -1.495765 19.892124 14 0.021794 0.005765 
81.860733 17.171862 -1.493018 19.908867 15 0.018625 0.004490 
81.928940 16.839975 -1.485343 19.958906 16 0.010986 0.001872 
81.946243 16.731216 -1.482971 19.975470 17 0.007889 0.001166 
81.961739 16.617390 -1.480660 19.992151 18 0.005415 0.000674 
81.974251 16.506771 -1.478422 20.008865 19 0.002496 0.000254 
82.006424 16.167311 -1.472157 20.058931 19 0.000000 0.000000 
82.719437 9.560249 -1.534343 21.059311 19 0.000000 0.000000 
82.721458 7.361390 -1.607000 22.059769 19 0.000000 0.000000 
82.718246 7.074141 -1.516001 23.060190 19 0.000000 0.000000 
82.720673 7.036661 -1.495360 24.060722 19 0.000000 0.000000 
82.721031 7.031768 -1.492664 25.061157 19 0.000000 0.000000 
