70.140434 24.960890 -3.141581 1.033756 0 0.000000 0.000000 
64.340141 24.960833 -3.141581 2.017458 0 0.000000 0.000000 
57.363544 24.960754 -3.141581 3.051283 0 0.000000 0.000000 
50.612652 24.960678 -3.141581 4.051725 0 0.000000 0.000000 
43.863117 24.960602 -3.141581 5.052083 0 0.000000 0.000000 
36.943085 24.960524 -3.141581 6.077909 0 0.000000 0.000000 
32.149845 24.960484 -3.141581 7.086294 0 0.000000 0.000000 
31.408770 25.022449 -3.553528 8.086985 0 0.000000 0.000000 
31.330103 25.076185 -4.089893 9.062387 0 0.000000 0.000000 
31.323481 25.087393 -4.387568 10.087762 0 0.000000 0.000000 
31.323139 25.088896 -4.605403 11.088051 0 0.000000 0.000000 
31.323071 25.089083 -4.188456 12.055090 0 0.000000 0.000000 
31.323065 25.089098 -3.694512 13.055634 0 0.000000 0.000000 
31.323065 25.089098 -3.207791 14.072730 0 0.000000 0.000000 
31.323065 25.089098 -3.133901 15.081632 0 0.000000 0.000000 
31.323065 25.089098 -3.162223 16.082138 0 0.000000 0.000000 
29.511122 25.077673 -3.131358 17.082458 0 0.000000 0.000000 
27.098000 25.125360 -3.192955 18.082975 0 0.000000 0.000000 
25.921515 25.235172 -3.472885 19.074776 0 0.000000 0.000000 
25.761841 25.328571 -4.081550 20.075281 0 0.000000 0.000000 
25.751261 25.349800 -4.548224 21.067526 0 0.000000 0.000000 
25.751152 25.352900 -4.825799 22.068178 0 0.000000 0.000000 
25.756203 25.386169 -4.863847 23.068384 0 0.000000 0.000000 
26.054579 27.299334 -4.868735 24.068792 0 0.000000 0.000000 
26.301746 28.863840 -4.869362 25.069223 0 0.000000 0.000000 
26.554419 30.459660 -4.869443 26.069670 0 0.000000 0.000000 
26.771442 31.830053 -4.869452 27.078306 0 0.000000 0.000000 
26.942991 32.970654 -4.809914 28.078653 0 0.000000 0.000000 
27.007511 33.726036 -4.791662 28.445501 1 -0.002163 -0.000119 
27.006207 33.750946 -4.791115 28.462130 2 -0.003296 -0.000164 
27.005060 33.775112 -4.790585 28.478800 3 -0.003063 -0.000138 
27.003201 33.821121 -4.789576 28.512148 4 -0.002611 -0.000093 
27.002464 33.843040 -4.789096 28.528847 5 -0.002438 -0.000077 
27.001844 33.864170 -4.788633 28.545492 6 -0.002248 -0.000061 
27.001329 33.884743 -4.788183 28.562246 7 -0.002091 -0.000048 
27.000160 33.960079 -4.786537 28.628914 8 -0.001508 -0.000012 
27.000107 34.032551 -4.785440 28.678949 9 -0.002173 0.000014 
27.007421 34.272331 -4.783844 28.762257 10 -0.001201 0.000066 
27.010529 34.324306 -4.783556 28.778967 11 -0.000610 0.000040 
27.014027 34.374252 -4.783278 28.795589 12 -0.000063 0.000005 
27.023596 34.514809 -4.782496 28.845646 13 -0.000377 -0.000037 
27.019564 34.558121 -4.782252 28.862396 14 -0.007118 -0.000632 
27.016039 34.599834 -4.782018 28.879051 15 -0.006479 -0.000520 
27.012917 34.640839 -4.781787 28.895956 16 -0.006012 -0.000433 
27.007998 34.717319 -4.781359 28.929060 17 -0.004929 -0.000279 
27.004417 34.789860 -4.780953 28.962557 18 -0.004098 -0.000172 
27.003105 34.823795 -4.780764 28.979025 19 -0.003650 -0.000129 
27.002045 34.857056 -4.780579 28.995699 20 -0.003346 -0.000096 
27.000244 34.950558 -4.780058 29.045773 21 -0.002430 -0.000024 
27.000040 34.980011 -4.779895 29.062641 22 -0.002201 -0.000009 
27.000006 35.007748 -4.779741 29.079073 22 0.000000 0.000000 
27.000124 35.035179 -4.779588 29.095871 23 -0.001732 0.000012 
27.001825 35.135124 -4.779033 29.162418 24 -0.001002 0.000027 
27.002501 35.158104 -4.778905 29.179079 25 -0.000857 0.000027 
27.004074 35.201824 -4.778663 29.212429 26 -0.000604 0.000024 
27.004959 35.222630 -4.778547 29.229128 27 -0.000494 0.000022 
27.007902 35.281006 -4.778223 29.279276 28 -0.000219 0.000012 
27.008953 35.299068 -4.778123 29.295895 29 -0.000140 0.000008 
27.020836 35.544018 -4.777586 29.395845 30 -0.004113 -0.000377 
27.007751 35.721691 -4.777355 29.445940 31 -0.007299 -0.000407 
27.004980 35.776905 -4.777284 29.462536 32 -0.006382 -0.000285 
27.000450 35.932926 -4.777082 29.512554 33 -0.004156 -0.000056 
27.000084 36.028881 -4.776959 29.545967 34 -0.002993 0.000017 
27.001398 36.118252 -4.776844 29.579243 35 -0.001987 0.000047 
27.002588 36.160839 -4.776789 29.595924 36 -0.001557 0.000050 
27.007868 36.280392 -4.776636 29.646036 37 -0.000463 0.000026 
27.010084 36.317398 -4.777110 29.662655 38 -0.000164 0.000010 
27.023533 36.515472 -4.790059 29.762705 39 -0.000159 -0.000015 
27.012238 36.650394 -4.809341 29.846115 40 -0.004221 -0.000296 
27.010597 36.674652 -4.812900 29.862707 41 -0.004025 -0.000262 
27.007780 36.721180 -4.819720 29.896158 42 -0.003742 -0.000209 
27.006599 36.743183 -4.822943 29.912796 43 -0.003570 -0.000184 
27.005552 36.764416 -4.826052 29.929398 44 -0.003421 -0.000161 
27.004620 36.785130 -4.829084 29.946142 45 -0.003314 -0.000143 
27.001934 36.860962 -4.840174 30.012779 46 -0.002804 -0.000078 
27.001095 36.895332 -4.845197 30.046211 47 -0.002607 -0.000055 
27.000782 36.911579 -4.847571 30.062841 48 -0.002489 -0.000044 
27.000528 36.927322 -4.849871 30.079508 48 -0.000000 -0.000000 
27.000183 36.957253 -4.854243 30.112829 49 -0.002190 -0.000019 
27.000000 36.998787 -4.860307 30.163141 50 -0.001995 -0.000000 
27.000013 37.011459 -4.862157 30.179581 51 -0.001875 0.000004 
27.000345 37.058754 -4.869060 30.246269 52 -0.001629 0.000019 
27.000486 37.069748 -4.870664 30.263149 53 -0.001593 0.000022 
27.000643 37.080162 -4.872184 30.279703 54 -0.001503 0.000024 
27.001490 37.122074 -4.875089 30.312967 55 -0.003421 0.000084 
27.002352 37.153362 -4.876482 30.329763 56 -0.004253 0.000131 
27.003639 37.190716 -4.877815 30.346382 57 -0.004866 0.000186 
27.006857 37.261784 -4.880349 30.379618 58 -0.004123 0.000216 
27.008749 37.295647 -4.881556 30.396275 59 -0.003811 0.000226 
27.012983 37.360100 -4.883852 30.429617 60 -0.003211 0.000232 
27.015291 37.390751 -4.884944 30.446302 61 -0.002959 0.000232 
27.017700 37.420349 -4.885999 30.462971 62 -0.002710 0.000229 
27.020203 37.449013 -4.887020 30.479671 63 -0.002486 0.000224 
27.022697 37.503128 -4.888958 30.513018 64 -0.004782 -0.000061 
27.022303 37.528271 -4.889879 30.529678 65 -0.004965 -0.000471 
27.020071 37.552452 -4.890769 30.546356 66 -0.006676 -0.000600 
27.016148 37.598473 -4.892461 30.579681 67 -0.006061 -0.000488 
27.014429 37.620426 -4.893266 30.596376 68 -0.005797 -0.000441 
27.005989 37.755363 -4.898194 30.713139 69 -0.004178 -0.000205 
27.003834 37.804226 -4.899971 30.763098 70 -0.003643 -0.000143 
27.003260 37.819489 -4.900525 30.779779 71 -0.003494 -0.000126 
27.002748 37.834236 -4.901060 30.796442 72 -0.003340 -0.000111 
27.002295 37.848549 -4.901578 30.813160 73 -0.003204 -0.000097 
27.001242 37.888577 -4.903028 30.863134 74 -0.002796 -0.000062 
27.000978 37.901089 -4.903481 30.879843 75 -0.002689 -0.000053 
27.000755 37.913147 -4.903917 30.896494 76 -0.002566 -0.000045 
27.000408 37.936119 -4.904747 30.929838 77 -0.002354 -0.000030 
27.000050 37.977757 -4.906250 30.996630 78 -0.001995 -0.000009 
27.000195 38.044212 -4.907859 31.079918 79 -0.004354 0.000038 
27.000195 38.044212 -4.907859 31.079918 79 0.000000 0.000000 
27.000546 38.073830 -4.908151 31.096661 80 -0.005497 0.000081 
27.002085 38.144360 -4.908702 31.129927 81 -0.005938 0.000172 
27.004436 38.210594 -4.909219 31.163298 82 -0.005151 0.000217 
27.005861 38.242027 -4.909464 31.179947 83 -0.004797 0.000232 
27.010933 38.330479 -4.910153 31.230013 84 -0.003722 0.000247 
27.012829 38.357956 -4.910367 31.246653 85 -0.003558 0.000255 
27.014822 38.384701 -4.910574 31.263405 86 -0.003321 0.000256 
27.018976 38.435204 -4.910967 31.296680 87 -0.002821 0.000246 
27.021133 38.459236 -4.911154 31.313335 88 -0.002629 0.000243 
27.023335 38.482487 -4.911335 31.330008 89 -0.002436 0.000236 
27.022333 38.504810 -4.911511 31.346806 90 -0.005520 -0.000093 
27.022520 38.525986 -4.911680 31.363535 91 -0.004166 -0.000397 
27.017282 38.584629 -4.912153 31.413454 92 -0.005534 -0.000461 
27.015778 38.603096 -4.912301 31.430231 93 -0.005328 -0.000424 
27.014408 38.620701 -4.912442 31.446760 94 -0.005015 -0.000382 
27.011942 38.654636 -4.912714 31.480213 95 -0.004625 -0.000320 
27.010387 38.677879 -4.912843 31.496826 96 -0.006358 -0.000410 
27.001240 38.888653 -4.913424 31.580175 97 -0.012594 -0.000281 
27.000267 38.948338 -4.913529 31.596809 98 -0.013165 -0.000136 
27.000721 39.084846 -4.913730 31.630260 99 -0.013747 0.000233 
27.011969 39.345753 -4.914090 31.696884 100 -0.008659 0.000600 
27.016497 39.405819 -4.914173 31.713547 101 -0.007628 0.000621 
27.017426 39.519115 -4.914330 31.746870 103 -0.015504 -0.000330 
27.018316 39.572422 -4.914406 31.763683 104 -0.010203 -0.000876 
27.002110 39.854752 -4.914804 31.863590 105 -0.010423 -0.000303 
27.001062 39.896927 -4.914864 31.880266 106 -0.009745 -0.000201 
27.000387 39.937744 -4.914921 31.896929 107 -0.009079 -0.000113 
27.000051 39.977337 -4.914976 31.913618 108 -0.008475 -0.000038 
27.000824 40.090786 -4.915134 31.964659 109 -0.007240 0.000131 
27.001522 40.123341 -4.915179 31.980324 110 -0.005965 0.000147 
27.007887 40.280712 -4.915397 32.063675 111 -0.004433 0.000249 
27.009571 40.309216 -4.915437 32.080376 111 -0.000001 0.000000 
27.013224 40.363392 -4.915512 32.113750 112 -0.003520 0.000256 
27.021317 40.461197 -4.915647 32.180374 113 -0.002631 0.000244 
27.022301 40.505150 -4.915708 32.213776 114 -0.005587 -0.000099 
27.022556 40.525600 -4.915737 32.230492 115 -0.004040 -0.000385 
27.020721 40.545258 -4.915765 32.247265 116 -0.006000 -0.000548 
27.018421 40.571194 -4.915792 32.263844 117 -0.007788 -0.000670 
27.015736 40.603634 -4.915818 32.280506 118 -0.009533 -0.000758 
27.009817 40.686832 -4.915867 32.313805 119 -0.012262 -0.000770 
27.006893 40.737530 -4.915891 32.330502 120 -0.013530 -0.000711 
27.004255 40.793743 -4.915914 32.347126 121 -0.014360 -0.000593 
27.002073 40.856014 -4.915936 32.363876 122 -0.015123 -0.000436 
27.000694 40.916676 -4.915958 32.380707 123 -0.013948 -0.000232 
27.000067 40.974091 -4.915978 32.397148 124 -0.012493 -0.000065 
27.000093 41.030487 -4.915998 32.413803 125 -0.011601 0.000071 
27.003592 41.189465 -4.916054 32.463848 126 -0.008795 0.000334 
27.011131 41.333439 -4.916105 32.513840 127 -0.006572 0.000439 
27.017824 41.421818 -4.916136 32.547195 128 -0.005376 0.000455 
27.021561 41.463837 -4.916151 32.563877 129 -0.004852 0.000452 
27.020361 41.503941 -4.916165 32.580559 131 -0.009502 -0.000073 
27.020998 41.542240 -4.916179 32.597301 132 -0.007419 -0.000682 
27.017773 41.578804 -4.916192 32.613960 133 -0.010973 -0.000928 
27.010126 41.681942 -4.916229 32.663979 134 -0.009227 -0.000588 
27.008181 41.714104 -4.916241 32.680599 135 -0.008698 -0.000498 
27.002781 41.833290 -4.916284 32.747280 136 -0.006917 -0.000231 
27.000143 41.962120 -4.914782 32.830654 137 -0.005210 -0.000039 
27.000021 41.985458 -4.913270 32.847332 138 -0.004913 -0.000014 
27.000006 42.008041 -4.911285 32.864002 139 -0.004611 0.000007 
27.000090 42.029892 -4.908844 32.880669 140 -0.004315 0.000026 
27.001223 42.110542 -4.894794 32.947376 141 -0.003213 0.000071 
27.002165 42.147099 -4.885421 32.980751 142 -0.002549 0.000075 
27.003288 42.181290 -4.874582 33.014088 143 -0.002247 0.000082 
27.004551 42.213287 -4.862401 33.047405 144 -0.001817 0.000078 
27.005226 42.228542 -4.855820 33.064098 145 -0.001619 0.000074 
27.005924 42.243313 -4.848927 33.080803 145 -0.000001 0.000000 
27.008110 42.284672 -4.826590 33.130775 146 -0.000881 0.000050 
27.008863 42.297588 -4.818583 33.147465 147 -0.000723 0.000043 
27.009623 42.310043 -4.810340 33.164112 148 -0.000565 0.000035 
27.012688 42.355976 -4.774893 33.230850 149 -0.000015 0.000001 
26.988297 42.658085 -4.504364 34.081268 150 0.002202 -0.000151 
26.988297 42.658085 -4.504364 34.081268 150 0.000000 0.000000 
26.990219 42.687397 -4.502392 34.097980 151 0.008218 -0.000515 
26.992317 42.722942 -4.500489 34.114655 152 0.009791 -0.000543 
26.996473 42.812237 -4.496875 34.147976 153 0.012504 -0.000470 
26.998194 42.865608 -4.495159 34.164619 154 0.013483 -0.000363 
26.999449 42.925751 -4.493469 34.181580 155 0.014578 -0.000217 
26.999990 42.989826 -4.491877 34.198116 156 0.014804 -0.000030 
26.999733 43.051712 -4.490343 34.214596 157 0.013582 0.000140 
26.998737 43.112343 -4.488843 34.231258 158 0.012629 0.000284 
26.994797 43.228058 -4.485988 34.264629 159 0.010616 0.000485 
26.991982 43.283054 -4.484634 34.281288 160 0.009726 0.000551 
26.988680 43.336269 -4.483325 34.297947 161 0.008894 0.000599 
26.984930 43.387909 -4.482055 34.314659 162 0.008142 0.000634 
26.980808 43.437672 -4.480832 34.331310 163 0.007394 0.000650 
26.980141 43.485538 -4.479646 34.348011 165 0.010558 0.000264 
26.980391 43.531242 -4.478494 34.364811 167 0.011216 -0.000567 
26.981848 43.574337 -4.477395 34.381390 168 0.011969 -0.001023 
26.990757 43.696129 -4.474291 34.431450 169 0.012160 -0.000740 
26.994761 43.771145 -4.472392 34.464806 170 0.010949 -0.000502 
26.996269 43.806877 -4.471490 34.481472 171 0.010351 -0.000400 
26.997480 43.841270 -4.470624 34.498035 172 0.009736 -0.000309 
26.998436 43.874912 -4.469778 34.514759 173 0.009307 -0.000233 
26.999146 43.907578 -4.468958 34.531532 174 0.008835 -0.000163 
26.999905 43.969166 -4.468964 34.564728 175 0.007841 -0.000048 
26.999926 44.027199 -4.471029 34.598087 176 0.006966 0.000038 
26.998844 44.107498 -4.477697 34.648129 177 0.005743 0.000124 
26.998243 44.132557 -4.480807 34.664795 178 0.005355 0.000142 
26.997541 44.156807 -4.484336 34.681454 179 0.004979 0.000156 
26.996740 44.180500 -4.488307 34.698265 180 0.004660 0.000168 
26.994928 44.225140 -4.495772 34.731529 181 0.003935 0.000177 
26.992863 44.267059 -4.502766 34.764874 182 0.003363 0.000180 
26.991756 44.287003 -4.506087 34.781540 183 0.003097 0.000178 
26.990612 44.306267 -4.509293 34.798180 184 0.002849 0.000175 
26.989429 44.324940 -4.512398 34.814854 185 0.002627 0.000171 
26.984476 44.393696 -4.523815 34.881527 186 0.001864 0.000147 
26.981922 44.424801 -4.528974 34.914898 187 0.001568 0.000134 
26.980639 44.439594 -4.531426 34.931595 188 0.001436 0.000127 
26.979359 44.453846 -4.533788 34.948231 189 0.001307 0.000119 
26.975544 44.493919 -4.540427 34.998245 190 0.000983 0.000098 
26.976463 44.506298 -4.542514 35.015076 191 0.003092 -0.000125 
26.976713 44.518002 -4.545024 35.031677 192 0.002295 -0.000222 
26.978817 44.540237 -4.551373 35.065029 193 0.002878 -0.000266 
26.979784 44.550835 -4.555173 35.081715 194 0.002727 -0.000246 
26.979784 44.550835 -4.555173 35.081715 194 0.000000 -0.000000 
26.982378 44.580585 -4.568871 35.131657 195 0.002279 -0.000192 
26.983152 44.589893 -4.574177 35.148319 196 0.002144 -0.000176 
26.984585 44.607674 -4.585845 35.181725 197 0.001882 -0.000148 
26.985258 44.616329 -4.592311 35.198799 198 0.001793 -0.000138 
26.985865 44.624290 -4.598758 35.215031 199 0.001581 -0.000119 
26.986454 44.632210 -4.605682 35.231686 200 0.001505 -0.000111 
26.987547 44.647316 -4.620410 35.265034 201 0.001273 -0.000090 
26.988050 44.654514 -4.628191 35.281708 202 0.001174 -0.000081 
26.988529 44.661518 -4.636278 35.298466 203 0.001076 -0.000073 
26.990923 44.698841 -4.689575 35.398418 204 0.000533 -0.000032 
26.991253 44.704388 -4.699247 35.415104 205 0.000459 -0.000027 
26.991867 44.714939 -4.719177 35.448456 206 0.000315 -0.000018 
26.992680 44.729530 -4.750524 35.498569 207 0.000127 -0.000007 
26.992922 44.734047 -4.761251 35.515167 208 0.000071 -0.000004 
27.003834 44.804241 -5.045149 35.898716 209 -0.000548 -0.000021 
27.003761 44.806114 -5.058640 35.915352 210 -0.000729 -0.000028 
27.003559 44.811390 -5.100184 35.966045 211 -0.000754 -0.000028 
27.003389 44.815941 -5.141243 36.015446 212 -0.000717 -0.000026 
27.003195 44.821274 -5.197451 36.082066 213 -0.000680 -0.000024 
27.003195 44.821274 -5.197451 36.082066 213 0.000000 0.000000 
27.003153 44.822483 -5.211725 36.098820 214 -0.000693 -0.000025 
27.003073 44.824738 -5.240212 36.132088 215 -0.000672 -0.000024 
27.003036 44.825794 -5.254539 36.148731 216 -0.000666 -0.000023 
27.002935 44.828716 -5.297954 36.198868 217 -0.000643 -0.000022 
27.002848 44.831272 -5.341617 36.248863 218 -0.000618 -0.000021 
27.002821 44.832050 -5.356194 36.265469 219 -0.000606 -0.000020 
27.002796 44.832794 -5.370862 36.282135 220 -0.000597 -0.000020 
27.002773 44.833508 -5.385650 36.298901 221 -0.000592 -0.000020 
27.002653 44.837135 -5.474562 36.398952 222 -0.000532 -0.000017 
27.002636 44.837643 -5.489405 36.415543 223 -0.000516 -0.000017 
27.002621 44.838131 -5.504367 36.432236 224 -0.000509 -0.000016 
27.002605 44.838596 -5.519379 36.448956 225 -0.000501 -0.000016 
27.002592 44.839035 -5.534304 36.465553 226 -0.000487 -0.000016 
27.002554 44.840221 -5.579431 36.515575 227 -0.000458 -0.000015 
27.002522 44.841232 -5.624726 36.565575 228 -0.000427 -0.000014 
27.002474 44.842731 -5.707275 36.657516 229 -0.000574 -0.000018 
27.002464 44.843063 -5.728896 36.682396 230 -0.000548 -0.000017 
27.002417 44.844543 -5.853454 36.832417 231 -0.000425 -0.000013 
27.002411 44.844723 -5.873662 36.857784 232 -0.000421 -0.000013 
27.002407 44.844879 -5.893023 36.882366 233 -0.000389 -0.000012 
27.002398 44.845150 -5.931916 36.932472 234 -0.000358 -0.000011 
27.002396 44.845264 -5.951240 36.957722 235 -0.000350 -0.000011 
27.002386 44.845543 -6.007409 37.032433 236 -0.000297 -0.000009 
27.002384 44.845619 -6.026335 37.058006 237 -0.000296 -0.000009 
27.002382 44.845684 -6.044355 37.082569 237 -0.000000 -0.000000 
27.002377 44.845829 -6.098876 37.157883 238 -0.000243 -0.000008 
27.002377 44.845863 -6.116548 37.182629 239 -0.000225 -0.000007 
27.002375 44.845917 -6.151926 37.232594 240 -0.000204 -0.000006 
27.002375 44.845936 -6.169605 37.257767 241 -0.000199 -0.000006 
27.002373 44.845963 -6.204449 37.307789 242 -0.000177 -0.000005 
27.002373 44.845970 -6.221686 37.332714 243 -0.000168 -0.000005 
27.002373 44.845978 -6.239017 37.357887 244 -0.000162 -0.000005 
27.002373 44.845982 -6.256001 37.382675 245 -0.000151 -0.000005 
27.002373 44.845982 -6.273224 37.407906 246 -0.000147 -0.000005 
27.002373 44.845978 -6.290080 37.432709 247 -0.000137 -0.000004 
27.002373 44.845974 -6.307161 37.457928 248 -0.000131 -0.000004 
27.002373 44.845966 -6.323936 37.482796 249 -0.000124 -0.000004 
27.002373 44.845959 -6.340821 37.507904 250 -0.000118 -0.000004 
27.002375 44.845947 -6.357516 37.532818 251 -0.000112 -0.000003 
27.002375 44.845894 -6.423938 37.632690 252 -0.000089 -0.000003 
27.002377 44.845879 -6.440675 37.658012 253 -0.000087 -0.000003 
27.002378 44.845825 -6.489808 37.732750 254 -0.000071 -0.000002 
27.002378 44.845768 -6.539059 37.808128 255 -0.000062 -0.000002 
27.002380 44.845753 -6.555099 37.832783 256 -0.000056 -0.000002 
27.002380 44.845707 -6.604032 37.908215 257 -0.000049 -0.000002 
27.002382 44.845692 -6.619999 37.932919 258 -0.000044 -0.000001 
27.002382 44.845646 -6.668475 38.008095 259 -0.000039 -0.000001 
27.002384 44.845631 -6.684491 38.032997 260 -0.000037 -0.000001 
27.002384 44.845600 -6.716599 38.083012 260 0.000000 0.000000 
27.002384 44.845585 -6.732784 38.108257 261 -0.000032 -0.000001 
27.002386 44.845570 -6.748619 38.132992 262 -0.000027 -0.000001 
27.002386 44.845524 -6.796670 38.208164 263 -0.000024 -0.000001 
27.002388 44.845512 -6.812531 38.233021 264 -0.000022 -0.000001 
27.002388 44.845478 -6.860493 38.308296 265 -0.000019 -0.000001 
27.002388 44.845467 -6.876223 38.333027 266 -0.000017 -0.000001 
27.002390 44.845455 -6.892343 38.358372 267 -0.000016 -0.000001 
27.002390 44.845409 -6.955912 38.458500 268 -0.000013 -0.000000 
27.002390 44.845398 -6.971550 38.483177 269 -0.000011 -0.000000 
27.002392 44.845387 -6.987521 38.508373 270 -0.000010 -0.000000 
27.002392 44.845356 -7.050870 38.608437 271 -0.000009 -0.000000 
27.002392 44.845348 -7.066477 38.633118 272 -0.000007 -0.000000 
27.002392 44.845341 -7.082484 38.658424 273 -0.000007 -0.000000 
27.002394 44.845333 -7.098163 38.683239 274 -0.000007 -0.000000 
27.002394 44.845295 -7.177241 38.808468 275 -0.000006 -0.000000 
27.002394 44.845287 -7.192950 38.833366 276 -0.000005 -0.000000 
27.002394 44.845280 -7.208766 38.858437 277 -0.000003 -0.000000 
27.002394 44.845276 -7.224459 38.883320 278 -0.000003 -0.000000 
27.002396 44.845272 -7.240372 38.908550 279 -0.000003 -0.000000 
27.002396 44.845245 -7.350506 39.083347 279 -0.000000 -0.000000 
27.002396 44.845238 -7.381982 39.133339 280 -0.000002 -0.000000 
27.002396 44.845234 -7.397927 39.158657 281 -0.000002 -0.000000 
27.002396 44.845230 -7.413519 39.183434 282 -0.000002 -0.000000 
27.002396 44.845226 -7.429426 39.208698 283 -0.000002 -0.000000 
27.002396 44.845222 -7.444957 39.233383 284 -0.000001 -0.000000 
27.002396 44.845219 -7.460894 39.258698 285 -0.000001 -0.000000 
27.002396 44.845215 -7.476508 39.283520 286 -0.000001 -0.000000 
27.002398 44.845211 -7.491548 39.308678 287 -0.000001 -0.000000 
27.002398 44.845184 -7.782217 40.083786 287 -0.000000 -0.000000 
27.002398 44.845184 -8.256050 41.084190 287 -0.000000 -0.000000 
27.002398 44.845184 -8.391433 42.084671 287 -0.000000 -0.000000 
26.997295 44.835594 -8.386371 42.234722 288 0.000546 -0.000018 
26.995504 44.788029 -8.384999 42.284798 289 0.015007 -0.000637 
26.992992 44.735359 -8.383764 42.334793 290 0.013248 -0.000702 
26.991621 44.710659 -8.383187 42.360023 291 0.012665 -0.000734 
26.988779 44.665215 -8.382130 42.409992 292 0.011152 -0.000748 
26.982880 44.586590 -8.380310 42.510105 293 0.008797 -0.000730 
26.979965 44.552849 -8.379534 42.560036 294 0.007767 -0.000697 
26.979553 44.522354 -8.378827 42.610325 295 0.009427 -0.000413 
26.977943 44.508884 -8.378508 42.634892 297 0.006090 -0.000170 
26.979338 44.495998 -8.378197 42.660069 299 0.008894 0.000074 
26.977444 44.484180 -8.377906 42.684860 301 0.005116 0.000306 
26.979017 44.472881 -8.377623 42.710262 303 0.008395 0.000507 
26.982121 44.453159 -8.377361 42.734978 305 0.014960 0.000814 
26.983547 44.424728 -8.377109 42.760136 307 0.018555 0.001253 
26.985315 44.388802 -8.376870 42.785076 309 0.023493 0.001740 
26.987421 44.354454 -8.376642 42.810139 310 0.022838 0.001623 
26.989622 44.321964 -8.376428 42.834995 311 0.021726 0.001402 
26.995773 44.205566 -8.375669 42.934959 312 0.016984 0.000699 
26.996780 44.179413 -8.375500 42.960281 313 0.016376 0.000588 
26.997595 44.155045 -8.375342 42.985054 314 0.015088 0.000468 
26.998808 44.109211 -8.375049 43.035107 315 0.013433 0.000293 
26.999235 44.087456 -8.374909 43.060665 316 0.013044 0.000228 
26.999542 44.067642 -8.374784 43.085136 317 0.011769 0.000159 
26.999542 44.067642 -8.374784 43.085136 317 0.000000 0.000000 
26.999910 44.030029 -8.376847 43.135067 318 0.010564 0.000063 
26.999985 44.012398 -8.378997 43.160297 319 0.010254 0.000025 
26.999998 43.995934 -8.381782 43.185089 320 0.009546 -0.000008 
26.999878 43.965145 -8.388520 43.235107 321 0.008536 -0.000060 
26.999607 43.937378 -8.394602 43.285130 322 0.007746 -0.000097 
26.999012 43.900616 -8.402658 43.360428 323 0.006813 -0.000135 
26.998781 43.889641 -8.405065 43.385380 324 0.006392 -0.000141 
26.997463 43.840763 -8.409514 43.435184 325 0.016505 -0.000526 
26.986563 43.633675 -8.418889 43.560471 326 0.021305 -0.001565 
26.983765 43.596535 -8.420476 43.585274 328 0.019739 -0.001584 
26.986990 43.561180 -8.422013 43.610561 330 0.025116 -0.000937 
26.982908 43.528790 -8.423439 43.635273 332 0.016276 -0.000493 
26.986568 43.497829 -8.424826 43.660553 334 0.023503 0.000034 
26.981468 43.469578 -8.426115 43.685307 336 0.013387 0.000538 
26.985567 43.442459 -8.427372 43.710690 338 0.022154 0.000916 
26.985117 43.408730 -8.428532 43.735367 340 0.022268 0.001451 
26.989157 43.366859 -8.429660 43.760609 342 0.032342 0.001845 
26.989820 43.318886 -8.430712 43.785397 343 0.033175 0.002120 
26.997450 43.159698 -8.433594 43.860596 344 0.035892 0.001147 
26.998751 43.111732 -8.434450 43.885387 345 0.033185 0.000742 
26.999954 43.021244 -8.436052 43.935436 346 0.029195 0.000124 
26.999001 42.900063 -8.438172 44.010674 347 0.024609 -0.000492 
26.997053 42.828342 -8.439414 44.060814 348 0.021869 -0.000751 
26.995415 42.785927 -8.439980 44.085510 349 0.025750 -0.001103 
26.995415 42.785927 -8.439980 44.085510 349 0.000000 -0.000000 
26.999264 42.612850 -8.441538 44.160751 350 0.051738 -0.001124 
26.995373 42.543896 -8.442002 44.185635 352 0.041684 -0.000526 
26.997690 42.478512 -8.442448 44.210758 354 0.046069 0.000239 
26.991449 42.418217 -8.442864 44.235508 356 0.034725 0.001094 
26.993956 42.360138 -8.443271 44.260853 358 0.042406 0.001655 
26.990574 42.306889 -8.443646 44.285583 359 0.033597 0.002066 
26.993496 42.254951 -8.444013 44.310955 360 0.039003 0.001991 
26.995729 42.206619 -8.444351 44.335644 361 0.035581 0.001472 
26.997467 42.159164 -8.444681 44.360966 362 0.034266 0.001091 
26.998680 42.114876 -8.444987 44.385700 363 0.031395 0.000721 
26.999485 42.071724 -8.445284 44.410904 364 0.030051 0.000431 
26.999992 41.991730 -8.445829 44.460960 365 0.026402 -0.000044 
26.997118 41.830231 -8.446546 44.535641 366 0.038253 -0.001300 
26.994293 41.761166 -8.446764 44.560890 367 0.042314 -0.002024 
26.996550 41.687218 -8.446968 44.585785 369 0.050786 -0.001899 
26.996777 41.616692 -8.447165 44.610970 371 0.046893 -0.001275 
26.995655 41.551521 -8.447348 44.635696 373 0.042403 -0.000610 
26.996023 41.488991 -8.447526 44.660950 375 0.042629 0.000130 
26.991949 41.431499 -8.447692 44.685741 377 0.035327 0.000908 
26.992611 41.376526 -8.447852 44.710991 379 0.038812 0.001550 
26.989368 41.325878 -8.448002 44.735813 380 0.032382 0.002115 
26.996531 41.186237 -8.448413 44.811104 381 0.032949 0.001228 
26.997917 41.144299 -8.448535 44.835854 382 0.030331 0.000876 
26.999077 40.903954 -8.449065 44.961063 383 0.040171 -0.000772 
26.994764 40.771221 -8.449241 45.011108 384 0.040307 -0.001846 
26.991566 40.709698 -8.449322 45.035904 385 0.037008 -0.002152 
26.992245 40.650410 -8.449400 45.061138 387 0.039573 -0.001865 
26.991652 40.595669 -8.449472 45.085892 389 0.035634 -0.001263 
26.991652 40.595669 -8.449472 45.085892 389 0.000000 0.000000 
26.992659 40.543182 -8.449543 45.111176 391 0.036186 -0.000565 
26.989601 40.495014 -8.449609 45.135921 393 0.029632 0.000072 
26.991112 40.448936 -8.449673 45.161167 395 0.033213 0.000699 
26.986311 40.406769 -8.449732 45.185951 397 0.024753 0.001435 
26.988241 40.366505 -8.449789 45.211170 399 0.030513 0.001900 
26.989166 40.328979 -8.449842 45.235950 400 0.027600 0.001820 
26.991449 40.292301 -8.449895 45.261353 401 0.028276 0.001656 
26.993326 40.258270 -8.449944 45.286049 402 0.025863 0.001338 
26.994934 40.225037 -8.449990 45.311283 403 0.024909 0.001122 
26.996246 40.193699 -8.450034 45.336224 404 0.023181 0.000899 
26.998840 40.107700 -8.445592 45.411270 405 0.019550 0.000421 
26.999331 40.081841 -8.442740 45.436039 406 0.018066 0.000296 
26.999680 40.056644 -8.439185 45.461285 407 0.017303 0.000196 
26.999891 40.033016 -8.435090 45.486084 408 0.015939 0.000105 
26.999990 40.009975 -8.430326 45.511375 409 0.015251 0.000030 
26.999987 39.988434 -8.425120 45.536137 410 0.013977 -0.000032 
26.999893 39.967449 -8.419288 45.561359 411 0.013335 -0.000087 
26.999491 39.928604 -8.406266 45.611340 412 0.011613 -0.000166 
26.999201 39.910557 -8.399115 45.636192 413 0.010713 -0.000192 
26.998856 39.893021 -8.391415 45.661449 414 0.010156 -0.000217 
26.998478 39.876625 -8.383483 45.686165 415 0.009256 -0.000228 
26.998056 39.860573 -8.374970 45.711464 416 0.008828 -0.000246 
26.997614 39.845551 -8.366275 45.736248 417 0.008036 -0.000248 
26.997137 39.830833 -8.357010 45.761639 418 0.007653 -0.000259 
26.995646 39.791367 -8.327918 45.836197 419 0.005913 -0.000247 
26.995117 39.779087 -8.317401 45.861610 420 0.005642 -0.000250 
26.994068 39.756535 -8.295922 45.911621 421 0.004777 -0.000233 
26.993025 39.735985 -8.273500 45.961575 422 0.004036 -0.000213 
26.992514 39.726505 -8.262085 45.986279 423 0.003628 -0.000199 
26.991501 39.708591 -8.239139 46.036285 424 0.003025 -0.000177 
26.991001 39.700153 -8.228404 46.061558 425 0.002851 -0.000171 
26.990522 39.692284 -8.218429 46.086292 426 0.002552 -0.000157 
26.990522 39.692284 -8.218429 46.086292 426 0.000000 0.000000 
26.990042 39.684589 -8.208715 46.111629 427 0.002396 -0.000151 
26.989584 39.677441 -8.199718 46.136353 428 0.002139 -0.000138 
26.988266 39.657650 -8.174948 46.211678 429 0.001684 -0.000116 
26.987858 39.651768 -8.167624 46.236385 430 0.001512 -0.000106 
26.986341 39.630676 -8.141469 46.336494 431 0.001083 -0.000080 
26.985992 39.625984 -8.135677 46.361736 432 0.001014 -0.000076 
26.985661 39.621609 -8.130282 46.386501 433 0.000915 -0.000069 
26.983915 39.599274 -8.100537 46.536579 434 0.000561 -0.000045 
26.983425 39.593216 -8.087984 46.586521 435 0.000469 -0.000038 
26.983192 39.590382 -8.080929 46.611759 436 0.000435 -0.000036 
26.982761 39.585159 -8.066428 46.661865 437 0.000351 -0.000029 
26.982561 39.582771 -8.059807 46.686584 438 0.000310 -0.000026 
26.981840 39.574230 -8.036188 46.786613 439 0.000201 -0.000017 
26.981676 39.572334 -8.030953 46.811859 440 0.000184 -0.000016 
26.981237 39.567257 -8.016932 46.886749 441 0.000129 -0.000011 
26.980978 39.564274 -8.008703 46.936741 442 0.000103 -0.000009 
26.980856 39.562878 -8.004856 46.961983 443 0.000093 -0.000008 
26.980742 39.561577 -8.001277 46.986717 444 0.000082 -0.000007 
26.980631 39.560318 -7.997807 47.011948 445 0.000074 -0.000007 
26.980526 39.559139 -7.994565 47.036774 446 0.000065 -0.000006 
26.980331 39.556942 -7.988506 47.086845 446 0.000000 0.000000 
26.980240 39.555916 -7.985677 47.112103 447 0.000048 -0.000004 
26.980154 39.554958 -7.983047 47.136837 448 0.000040 -0.000004 
26.979994 39.553169 -7.975819 47.186775 449 0.000031 -0.000003 
26.979849 39.551548 -7.966208 47.236862 450 0.000021 -0.000002 
26.979780 39.550793 -7.960534 47.262142 451 0.000017 -0.000002 
26.979656 39.549412 -7.950161 47.312061 452 0.000007 -0.000001 
26.979597 39.548775 -7.945387 47.336876 453 0.000003 -0.000000 
26.976820 39.480907 -7.921169 47.486881 454 0.002242 0.000217 
26.980717 39.438694 -7.917753 47.512302 455 0.006778 0.000597 
26.987801 39.349064 -7.912572 47.553738 456 0.005287 0.000370 
26.990778 39.303520 -7.910628 47.570328 457 0.005670 0.000345 
26.998283 39.131039 -7.905150 47.620312 458 0.005391 0.000141 
26.999611 39.062443 -7.903447 47.636951 459 0.004842 0.000060 
26.999987 38.988304 -7.901794 47.653652 460 0.004045 -0.000009 
26.999176 38.909260 -7.900201 47.670315 461 0.002970 -0.000054 
26.993065 38.736763 -7.897170 47.703648 462 0.000075 -0.000004 
26.988514 38.338718 -7.892206 47.770416 463 0.011810 0.000802 
26.994745 38.229187 -7.891978 47.787113 464 0.010438 0.000479 
26.998672 38.115208 -7.892283 47.803856 465 0.008267 0.000191 
26.999996 38.005951 -7.893096 47.820435 466 0.005511 0.000007 
26.995247 37.782047 -7.895683 47.853798 467 0.000846 -0.000037 
26.988703 37.335922 -7.900350 47.920418 468 0.012909 0.000869 
26.995039 37.222683 -7.901422 47.937080 469 0.011614 0.000518 
26.998734 37.112507 -7.902462 47.953808 470 0.008934 0.000201 
26.998762 36.888748 -7.904430 47.987125 471 0.004164 -0.000093 
26.994926 36.774807 -7.905367 48.003799 472 0.001913 -0.000086 
26.980417 36.442085 -7.908014 48.053810 473 0.002846 0.000253 
26.989166 36.328960 -7.908832 48.070511 473 0.000000 0.000000 
26.999998 35.996006 -7.911144 48.120586 474 0.011933 -0.000010 
26.987825 35.651287 -7.913228 48.170605 475 0.000967 -0.000068 
26.989731 35.320297 -7.915107 48.220573 476 0.021783 0.001398 
26.995731 35.206558 -7.915689 48.237312 477 0.012995 0.000537 
26.986729 34.364048 -7.919502 48.362587 478 0.017512 0.001278 
26.997898 33.855034 -7.921352 48.437332 479 0.009397 -0.000273 
26.990269 33.688190 -7.921916 48.462639 480 0.003612 -0.000226 
26.699938 29.677660 -7.929572 49.087692 480 0.000000 0.000000 
