15.315740 25.000000 0.000000 1.017059 0 0.000000 0.000000 
22.184752 25.000000 0.000000 2.034404 0 0.000000 0.000000 
28.934341 25.000000 0.000000 3.034728 0 0.000000 0.000000 
35.683048 25.000000 0.000000 4.034987 0 0.000000 0.000000 
42.433781 25.000000 0.000000 5.035520 0 0.000000 0.000000 
49.183815 25.000000 0.000000 6.035974 0 0.000000 0.000000 
55.933186 25.000000 0.000000 7.036322 0 0.000000 0.000000 
62.683510 25.000000 0.000000 8.036817 0 0.000000 0.000000 
69.433800 25.000000 0.000000 9.037306 0 0.000000 0.000000 
73.012955 25.000000 0.000000 10.037737 0 0.000000 0.000000 
77.373405 25.000000 0.000000 11.038187 0 0.000000 0.000000 
78.048508 25.000000 0.000000 12.038539 0 0.000000 0.000000 
78.135513 24.990696 -0.519446 13.039118 0 0.000000 0.000000 
78.143311 24.982620 -1.406614 14.039607 0 0.000000 0.000000 
78.143356 24.981129 -1.653433 15.040018 0 0.000000 0.000000 
78.143356 24.980934 -0.898350 16.040474 0 0.000000 0.000000 
78.143356 24.980934 -0.119436 17.024105 0 0.000000 0.000000 
78.143356 24.980934 0.260724 18.024658 0 0.000000 0.000000 
78.143356 24.980934 0.037986 19.025084 0 0.000000 0.000000 
78.150833 24.980680 -0.033753 20.025553 0 0.000000 0.000000 
82.038147 24.854506 -0.031721 21.025928 0 0.000000 0.000000 
84.320702 24.782375 -0.031456 22.026339 0 0.000000 0.000000 
84.616219 24.748158 -0.497294 23.026875 0 0.000000 0.000000 
84.643356 24.721397 -1.376342 24.027315 0 0.000000 0.000000 
84.642967 24.716387 -1.954685 25.027681 0 0.000000 0.000000 
84.631523 24.644058 -1.723970 26.028204 0 0.000000 0.000000 
83.552910 18.576462 -1.856164 27.028646 0 0.000000 0.000000 
81.509041 12.852418 -1.949469 28.029076 0 0.000000 0.000000 
80.978180 11.541055 -1.961666 29.030460 0 0.000000 0.000000 
80.120117 9.464403 -1.963256 30.029911 0 0.000000 0.000000 
79.973709 9.110784 -1.963464 31.030399 0 0.000000 0.000000 
