12.345195 25.000000 0.000000 0.983319 0 0.000000 0.000000 
19.134748 25.000000 0.000000 1.983448 0 0.000000 0.000000 
25.891947 25.000000 0.000000 2.983544 0 0.000000 0.000000 
32.643036 25.000000 0.000000 3.983661 0 0.000000 0.000000 
39.392975 25.000000 0.000000 4.983734 0 0.000000 0.000000 
45.939941 25.000000 0.000000 5.983779 0 0.000000 0.000000 
52.236671 25.000000 0.000000 6.983880 0 0.000000 0.000000 
54.742821 24.630146 -0.610260 7.983972 0 0.000000 0.000000 
55.002228 24.416443 -0.467113 8.984072 0 0.000000 0.000000 
59.448242 23.551123 -0.115703 9.984151 0 0.000000 0.000000 
62.853104 23.096420 -0.468882 10.984225 0 0.000000 0.000000 
63.263203 22.761864 -1.095822 11.984300 0 0.000000 0.000000 
63.290993 22.697439 -1.095963 12.984416 0 0.000000 0.000000 
63.295460 22.689423 -1.130055 13.984545 0 0.000000 0.000000 
64.547989 19.686941 -1.185987 14.984604 0 0.000000 0.000000 
64.962662 18.384956 -1.341508 15.984699 0 0.000000 0.000000 
12.000000 25.000000 0.000000 16.984831 1 0.000000 0.000000 
12.000000 25.000000 0.000000 17.984844 1 0.000000 0.000000 
