14.025002 25.000000 0.000000 1.000286 0 0.000000 0.000000 
19.256769 25.000000 0.000000 2.017466 0 0.000000 0.000000 
26.008593 25.000000 0.000000 3.017881 0 0.000000 0.000000 
32.869358 25.000000 0.000000 4.034970 0 0.000000 0.000000 
39.618629 25.000000 0.000000 5.035305 0 0.000000 0.000000 
46.368587 25.000000 0.000000 6.035716 0 0.000000 0.000000 
53.233501 25.000000 0.000000 7.052920 0 0.000000 0.000000 
56.298260 24.852077 -0.343352 8.053524 0 0.000000 0.000000 
56.650845 24.660427 -0.659329 9.053695 0 0.000000 0.000000 
56.693928 24.629934 -0.356470 10.070880 0 0.000000 0.000000 
60.931763 23.491238 -0.223442 11.087898 0 0.000000 0.000000 
61.987335 23.260429 -0.206718 12.088280 0 0.000000 0.000000 
62.126286 23.231445 -0.204521 13.105372 0 0.000000 0.000000 
62.143612 23.227324 -0.482847 14.105876 0 0.000000 0.000000 
62.145458 23.225924 -0.844823 15.106308 0 0.000000 0.000000 
62.408855 22.810328 -1.011572 16.106632 0 0.000000 0.000000 
63.656269 20.748775 -1.033439 17.107111 0 0.000000 0.000000 
65.703194 17.298735 -1.036297 18.107513 0 0.000000 0.000000 
67.140129 14.870007 -1.036671 19.107906 0 0.000000 0.000000 
67.485420 14.228176 -1.272542 20.108326 0 0.000000 0.000000 
67.540497 13.616946 -1.509928 21.108765 0 0.000000 0.000000 
12.000000 25.000000 0.000000 22.109177 1 0.000000 0.000000 
12.000000 25.000000 0.000000 23.109612 1 0.000000 0.000000 
