12.565340 25.000000 0.000000 1.000184 0 0.000000 0.000000 
19.202274 25.000000 0.000000 2.000169 0 0.000000 0.000000 
25.950733 25.000000 0.000000 3.000247 0 0.000000 0.000000 
32.700813 25.000000 0.000000 4.000366 0 0.000000 0.000000 
39.450798 25.000000 0.000000 5.000444 0 0.000000 0.000000 
46.249641 25.000000 0.000000 6.000505 0 0.000000 0.000000 
53.006046 25.000000 0.000000 7.000602 0 0.000000 0.000000 
59.692978 25.000000 0.000000 8.000643 0 0.000000 0.000000 
61.950569 24.585579 -0.822945 9.000746 0 0.000000 0.000000 
62.125553 24.336226 -1.001205 10.000863 0 0.000000 0.000000 
62.145878 24.302101 -1.117658 10.984461 0 0.000000 0.000000 
62.147919 24.297102 -1.308542 11.984385 0 0.000000 0.000000 
62.148144 24.296421 -1.113270 12.984566 0 0.000000 0.000000 
62.148144 24.296345 -1.211329 13.984628 0 0.000000 0.000000 
62.595192 22.895367 -1.264368 14.984832 0 0.000000 0.000000 
63.728165 19.331787 -1.270829 15.801308 1 0.016749 0.014968 
63.763584 19.291723 -1.270880 15.817974 2 0.018122 0.015850 
63.797520 19.252514 -1.270929 15.834618 3 0.017242 0.014767 
63.830143 19.214031 -1.270976 15.851296 4 0.016457 0.013810 
63.920120 19.103651 -1.271108 15.901277 5 0.014124 0.011182 
63.974213 19.034079 -1.271190 15.934655 6 0.012832 0.009797 
64.047333 18.935835 -1.271302 15.984765 6 0.000000 0.000000 
64.069611 18.904873 -1.271336 16.001385 7 0.010419 0.007437 
64.090950 18.874737 -1.271370 16.017990 8 0.009890 0.006950 
64.150307 18.788361 -1.271464 16.068186 9 0.008614 0.005787 
64.168205 18.761534 -1.271493 16.084660 10 0.007988 0.005292 
64.185577 18.735132 -1.271522 16.101320 11 0.007674 0.005015 
64.202263 18.709429 -1.271549 16.118002 12 0.007299 0.004706 
64.218224 18.684507 -1.271576 16.134644 13 0.006914 0.004400 
64.248283 18.636679 -1.271626 16.167982 14 0.006242 0.003874 
64.275955 18.591564 -1.271673 16.201317 15 0.005639 0.003417 
64.313423 18.528708 -1.271738 16.251326 16 0.004801 0.002815 
64.346596 18.471256 -1.271797 16.301352 17 0.004150 0.002360 
64.356758 18.453289 -1.271815 16.317986 18 0.003940 0.002219 
64.375961 18.418871 -1.271850 16.351357 19 0.003574 0.001975 
64.393654 18.386593 -1.271882 16.384657 20 0.003225 0.001752 
64.401993 18.371168 -1.271898 16.401333 21 0.003077 0.001657 
64.432289 18.314053 -1.271954 16.468115 22 0.002538 0.001325 
64.439133 18.300888 -1.271967 16.484785 23 0.002404 0.001246 
64.452011 18.275867 -1.271992 16.518019 24 0.002170 0.001109 
64.475037 18.230259 -1.272037 16.584682 25 0.001799 0.000897 
64.480270 18.219727 -1.272047 16.601376 26 0.001724 0.000854 
64.485306 18.209530 -1.272057 16.618074 27 0.001649 0.000812 
64.494789 18.190176 -1.272076 16.651346 28 0.001495 0.000729 
64.499283 18.180929 -1.272084 16.668037 29 0.001434 0.000695 
64.507767 18.163338 -1.272102 16.701387 30 0.001306 0.000627 
64.515656 18.146820 -1.272117 16.734821 31 0.001192 0.000567 
64.522942 18.131430 -1.272132 16.768087 32 0.001084 0.000511 
64.532928 18.110111 -1.272153 16.818104 33 0.000952 0.000443 
64.536011 18.103479 -1.272159 16.834726 34 0.000906 0.000420 
64.538986 18.097040 -1.272165 16.851408 35 0.000872 0.000403 
64.549858 18.073353 -1.272188 16.918051 36 0.000732 0.000334 
64.552338 18.067896 -1.272193 16.934736 37 0.000705 0.000320 
64.557045 18.057507 -1.272203 16.968138 38 0.000650 0.000293 
64.559280 18.052547 -1.272208 16.984903 38 0.000000 0.000000 
64.563477 18.043207 -1.272217 17.018070 39 0.000563 0.000252 
64.565475 18.038736 -1.272221 17.034763 40 0.000548 0.000245 
64.567398 18.034428 -1.272225 17.051399 41 0.000524 0.000233 
64.569252 18.030247 -1.272229 17.068077 42 0.000499 0.000222 
64.572777 18.022308 -1.272237 17.101406 43 0.000464 0.000205 
64.574448 18.018524 -1.272240 17.118095 44 0.000441 0.000195 
64.576057 18.014868 -1.272244 17.134775 45 0.000428 0.000188 
64.579109 18.007915 -1.271726 17.168114 46 0.000393 0.000172 
64.581955 18.001429 -1.267636 17.201399 47 0.000356 0.000155 
64.583313 17.998310 -1.264098 17.218206 48 0.000336 0.000146 
64.584610 17.995331 -1.259673 17.234825 49 0.000314 0.000137 
64.589386 17.984324 -1.236362 17.301420 50 0.000206 0.000089 
64.590477 17.981789 -1.230754 17.318089 51 0.000187 0.000081 
64.596306 17.968237 -1.200821 17.418100 52 0.000078 0.000034 
64.597992 17.964291 -1.192123 17.451435 53 0.000057 0.000024 
64.601036 17.957151 -1.176396 17.518122 54 0.000018 0.000008 
64.602409 17.953924 -1.169293 17.551483 55 0.000001 0.000000 
64.614052 17.927092 -1.181701 17.984955 55 0.000000 0.000000 
64.632736 17.880899 -1.193136 18.134823 56 0.000211 0.000086 
64.649139 17.839977 -1.194207 18.151512 57 0.000144 0.000057 
66.222794 13.683422 -1.219529 18.985039 57 0.000000 0.000000 
12.000000 25.000000 0.000000 19.985039 58 0.000000 0.000000 
12.000000 25.000000 0.000000 20.985378 58 0.000000 0.000000 
