12.960463 25.000000 0.000000 0.988278 0 0.000000 0.000000 
19.731815 25.000000 0.000000 1.988364 0 0.000000 0.000000 
26.500641 25.000000 0.000000 2.988498 0 0.000000 0.000000 
33.275074 25.000000 0.000000 3.988569 0 0.000000 0.000000 
40.050461 25.000000 0.000000 4.988687 0 0.000000 0.000000 
46.821545 25.000000 0.000000 5.988776 0 0.000000 0.000000 
53.598930 25.000000 0.000000 6.988863 0 0.000000 0.000000 
58.672947 25.168913 0.416766 7.988880 0 0.000000 0.000000 
59.339741 25.719574 0.496918 8.989010 0 0.000000 0.000000 
59.447350 25.715471 -0.726384 9.989112 0 0.000000 0.000000 
59.457809 25.704384 -0.782125 10.989192 0 0.000000 0.000000 
61.858234 24.265930 -0.512311 11.989279 0 0.000000 0.000000 
63.776466 23.097254 -0.977706 12.989352 0 0.000000 0.000000 
63.899776 22.826931 -1.253890 13.989454 0 0.000000 0.000000 
64.572311 22.053061 -0.835212 14.989519 0 0.000000 0.000000 
66.292435 20.043083 -1.382049 15.989636 0 0.000000 0.000000 
66.296852 19.692490 -1.483449 16.989712 0 0.000000 0.000000 
66.577126 17.919907 -1.409296 17.989824 0 0.000000 0.000000 
12.000000 25.000000 0.000000 18.989811 1 0.000000 0.000000 
12.000000 25.000000 0.000000 19.989971 1 0.000000 0.000000 
