15.089721 25.000000 0.000000 0.983390 0 0.000000 0.000000 
21.842800 25.000000 0.000000 1.983518 0 0.000000 0.000000 
28.593163 25.000000 0.000000 2.983608 0 0.000000 0.000000 
35.342907 25.000000 0.000000 3.983674 0 0.000000 0.000000 
42.093536 25.000000 0.000000 4.983837 0 0.000000 0.000000 
48.842979 25.000000 0.000000 5.983850 0 0.000000 0.000000 
55.389835 25.000000 0.000000 6.984165 0 0.000000 0.000000 
57.481468 24.566040 -0.669791 7.984029 0 0.000000 0.000000 
57.698586 24.381142 -0.577396 8.984170 0 0.000000 0.000000 
62.479897 21.583582 -0.571231 9.984160 0 0.000000 0.000000 
63.333023 20.652691 -1.168080 10.984279 0 0.000000 0.000000 
63.391907 20.495489 -1.258711 11.984388 0 0.000000 0.000000 
63.789722 19.261593 -1.264684 12.267776 1 0.004061 0.003495 
64.028244 18.961964 -1.265655 12.334399 2 0.025943 0.019075 
64.410355 18.355587 -1.267415 12.484405 3 0.012182 0.006506 
64.442116 18.295128 -1.267579 12.501097 4 0.011047 0.005708 
64.471977 18.236382 -1.267738 12.517723 5 0.009928 0.004965 
64.526878 18.123064 -1.268040 12.551048 6 0.007977 0.003741 
64.552086 18.068453 -1.268184 12.567759 7 0.007136 0.003242 
64.619217 17.913849 -1.268586 12.617734 8 0.004816 0.001995 
64.692276 17.726995 -1.269063 12.684498 9 0.002491 0.000917 
64.749847 17.561724 -1.269479 12.751084 10 0.000798 0.000262 
64.762276 17.523403 -1.269575 12.767769 11 0.000470 0.000150 
64.773994 17.486256 -1.269667 12.784457 12 0.000162 0.000050 
64.885582 17.126099 -1.276696 12.984466 12 0.000000 0.000000 
65.369598 13.312469 -1.489907 13.984534 12 0.000000 0.000000 
12.000000 25.000000 0.339245 14.984630 13 0.000000 0.000000 
12.000000 25.000000 0.141195 15.984693 13 0.000000 0.000000 
