12.000000 25.000000 0.000000 1.017071 0 0.000000 0.000000 
16.330742 25.000000 0.000000 2.034173 0 0.000000 0.000000 
23.084545 25.000000 0.000000 3.034816 0 0.000000 0.000000 
29.834459 25.000000 0.000000 4.035160 0 0.000000 0.000000 
36.583691 25.000000 0.000000 5.035481 0 0.000000 0.000000 
43.333633 25.000000 0.000000 6.035890 0 0.000000 0.000000 
50.084599 25.000000 0.000000 7.036458 0 0.000000 0.000000 
56.835037 25.000000 0.000000 8.036923 0 0.000000 0.000000 
63.584324 25.000000 0.000000 9.037233 0 0.000000 0.000000 
70.334396 25.000000 0.000000 10.037670 0 0.000000 0.000000 
75.016327 25.003538 0.031014 11.021286 0 0.000000 0.000000 
75.757179 25.161146 0.659115 12.021862 0 0.000000 0.000000 
75.833725 25.225969 0.837550 13.022108 0 0.000000 0.000000 
75.435059 24.577728 1.024350 14.022499 0 0.000000 0.000000 
73.634315 21.676903 0.860653 15.022933 0 0.000000 0.000000 
73.310768 21.346930 0.726957 16.023354 0 0.000000 0.000000 
76.316818 23.948238 0.709485 17.023767 0 0.000000 0.000000 
78.275055 25.573627 0.563650 18.024210 0 0.000000 0.000000 
78.575592 25.715061 0.194708 19.024599 0 0.000000 0.000000 
78.641136 25.719631 -0.000174 20.025053 0 0.000000 0.000000 
81.470688 25.700476 0.105036 21.025444 0 0.000000 0.000000 
81.897141 25.847729 0.848310 22.025902 0 0.000000 0.000000 
81.930428 25.897503 1.198217 23.026291 0 0.000000 0.000000 
81.932495 25.905060 1.470820 24.026716 0 0.000000 0.000000 
81.932503 25.906086 1.461068 25.027182 0 0.000000 0.000000 
82.004929 26.346928 1.406250 26.027561 0 0.000000 0.000000 
82.494270 29.201805 1.399086 27.027988 0 0.000000 0.000000 
82.887329 31.461382 1.398149 28.028591 0 0.000000 0.000000 
83.387451 34.327835 1.398027 29.028824 0 0.000000 0.000000 
12.000000 25.000000 0.000000 30.029226 1 0.000000 0.000000 
12.000000 25.000000 0.000000 31.029654 1 0.000000 0.000000 
