12.000000 25.000000 0.000000 1.023528 0 0.000000 0.000000 
17.468271 25.000000 0.000000 2.011929 0 0.000000 0.000000 
24.274570 25.000000 0.000000 3.023682 0 0.000000 0.000000 
30.979649 25.000000 0.000000 4.012223 0 0.000000 0.000000 
37.832863 25.000000 0.000000 5.023877 0 0.000000 0.000000 
44.535130 25.000000 0.000000 6.012164 0 0.000000 0.000000 
51.385254 25.000000 0.000000 7.024111 0 0.000000 0.000000 
57.802601 25.000000 0.000000 8.012453 0 0.000000 0.000000 
59.597576 24.693169 -0.729968 9.024254 0 0.000000 0.000000 
59.747341 24.517267 -1.009855 10.012565 0 0.000000 0.000000 
59.762966 24.490738 -0.813135 11.024475 0 0.000000 0.000000 
59.766254 24.489058 0.312553 12.012720 0 0.000000 0.000000 
59.766685 24.489325 0.857328 13.024549 0 0.000000 0.000000 
60.551296 25.115110 0.652991 14.012887 0 0.000000 0.000000 
64.529472 27.886658 0.576496 15.024787 0 0.000000 0.000000 
66.590996 29.334211 0.952136 16.013124 0 0.000000 0.000000 
66.719154 29.650122 1.456666 17.024910 0 0.000000 0.000000 
66.721802 29.693546 1.440413 18.025043 0 0.000000 0.000000 
67.863281 34.426403 1.308183 19.025080 0 0.000000 0.000000 
12.000000 25.000000 0.000000 20.025173 1 0.000000 0.000000 
12.000000 25.000000 0.000000 21.013525 1 0.000000 0.000000 
12.000000 25.000000 0.000000 22.001823 1 0.000000 0.000000 
