13.853077 25.000000 0.000000 1.016988 0 0.000000 0.000000 
20.608017 25.000000 0.000000 2.017457 0 0.000000 0.000000 
27.358868 25.000000 0.000000 3.017900 0 0.000000 0.000000 
34.219444 25.000000 0.000000 4.034997 0 0.000000 0.000000 
40.968769 25.000000 0.000000 5.035330 0 0.000000 0.000000 
47.718937 25.000000 0.000000 6.035744 0 0.000000 0.000000 
51.259521 24.824009 -0.315098 7.036179 0 0.000000 0.000000 
51.706108 24.655603 -0.186504 8.036657 0 0.000000 0.000000 
57.118668 24.440874 0.038166 9.036987 0 0.000000 0.000000 
58.863953 24.810869 0.527475 10.037495 0 0.000000 0.000000 
59.666718 25.011429 0.142202 11.037840 0 0.000000 0.000000 
66.340202 25.417639 0.018577 12.038434 0 0.000000 0.000000 
71.834473 25.409193 -0.129944 13.038675 0 0.000000 0.000000 
72.816032 25.085814 -0.631379 14.039189 0 0.000000 0.000000 
72.913719 24.991869 -1.062475 15.039530 0 0.000000 0.000000 
72.919746 24.975250 -1.491048 16.039936 0 0.000000 0.000000 
72.919807 24.972937 -1.813911 17.040430 0 0.000000 0.000000 
72.919807 24.972651 -2.034823 18.040857 0 0.000000 0.000000 
71.758598 22.797014 -2.068403 19.041204 0 0.000000 0.000000 
71.337738 22.130007 -2.200101 20.041636 0 0.000000 0.000000 
71.143517 21.901800 -2.321470 21.042150 0 0.000000 0.000000 
68.430794 19.222422 -2.375172 22.042475 0 0.000000 0.000000 
68.053185 18.721508 -1.808076 23.042896 0 0.000000 0.000000 
68.047348 18.639233 -1.453726 24.043320 0 0.000000 0.000000 
68.108803 17.856619 -1.495702 25.043749 0 0.000000 0.000000 
12.000000 25.000000 0.000000 26.044197 1 0.000000 0.000000 
12.000000 25.000000 0.000000 27.044603 1 0.000000 0.000000 
12.000000 25.000000 0.000000 28.044998 1 0.000000 0.000000 
12.000000 25.000000 0.000000 29.045473 1 0.000000 0.000000 
12.000000 25.000000 0.000000 30.045897 1 0.000000 0.000000 
12.000000 25.000000 0.000000 31.046299 1 0.000000 0.000000 
12.000000 25.000000 0.000000 32.046661 1 0.000000 0.000000 
12.000000 25.000000 0.000000 33.047146 1 0.000000 0.000000 
12.000000 25.000000 0.000000 34.047554 1 0.000000 0.000000 
12.000000 25.000000 0.000000 35.048008 1 0.000000 0.000000 
12.000000 25.000000 0.000000 36.048431 1 0.000000 0.000000 
12.000000 25.000000 0.000000 37.048832 1 0.000000 0.000000 
12.000000 25.000000 0.000000 38.049393 1 0.000000 0.000000 
12.000000 25.000000 0.000000 39.049690 1 0.000000 0.000000 
12.000000 25.000000 0.000000 40.050114 1 0.000000 0.000000 
12.000000 25.000000 0.000000 41.050533 1 0.000000 0.000000 
