12.444104 25.000000 0.000000 1.017005 0 0.000000 0.000000 
19.033028 25.000000 0.000000 2.017544 0 0.000000 0.000000 
25.783117 25.000000 0.000000 3.017847 0 0.000000 0.000000 
32.533802 25.000000 0.000000 4.018317 0 0.000000 0.000000 
39.283669 25.000000 0.000000 5.018716 0 0.000000 0.000000 
46.143856 25.000000 0.000000 6.035722 0 0.000000 0.000000 
53.008926 25.000000 0.000000 7.052920 0 0.000000 0.000000 
59.758537 25.000000 0.000000 8.053308 0 0.000000 0.000000 
66.618744 25.000000 0.000000 9.070339 0 0.000000 0.000000 
72.973778 25.000000 0.000000 10.087498 0 0.000000 0.000000 
74.539452 25.004950 0.082174 11.087920 0 0.000000 0.000000 
74.734856 25.058405 0.549768 12.088281 0 0.000000 0.000000 
74.757889 25.071880 0.305905 13.088765 0 0.000000 0.000000 
76.677406 25.358698 0.108778 14.089120 0 0.000000 0.000000 
77.318771 25.502781 0.596524 15.089531 0 0.000000 0.000000 
77.380638 25.562456 1.069193 16.089977 0 0.000000 0.000000 
77.385605 25.572620 1.022067 17.090376 0 0.000000 0.000000 
78.769760 27.505146 0.939223 18.090807 0 0.000000 0.000000 
80.285286 29.552813 0.929766 18.791128 1 0.000595 -0.001157 
80.310097 29.565651 0.929666 18.807867 2 0.006263 -0.012022 
80.356995 29.590399 0.929476 18.841166 3 0.005805 -0.010860 
80.379295 29.602392 0.929386 18.857838 4 0.005608 -0.010366 
80.400833 29.614111 0.929299 18.874496 5 0.005406 -0.009875 
80.421745 29.625626 0.929214 18.891239 6 0.005240 -0.009465 
80.441803 29.636789 0.929133 18.907860 7 0.005017 -0.008965 
80.461327 29.647776 0.929054 18.924610 8 0.004877 -0.008624 
80.515671 29.678959 0.928833 18.974545 9 0.004343 -0.007459 
80.548965 29.698513 0.928698 19.007889 10 0.004025 -0.006792 
80.564758 29.707914 0.928634 19.024559 11 0.003894 -0.006516 
80.622757 29.743107 0.928397 19.091248 12 0.003350 -0.005438 
80.622757 29.743107 0.928397 19.091248 12 0.000000 0.000000 
80.661293 29.767094 0.928240 19.141275 13 0.002986 -0.004750 
80.684853 29.781996 0.928143 19.174641 14 0.002787 -0.004379 
80.706818 29.796057 0.928053 19.207966 15 0.002585 -0.004015 
80.717255 29.802794 0.928010 19.224648 16 0.002499 -0.003861 
80.727325 29.809334 0.927969 19.241316 17 0.002406 -0.003696 
80.746468 29.821854 0.927890 19.274683 18 0.002237 -0.003403 
80.764320 29.833641 0.927817 19.308022 19 0.002073 -0.003124 
80.772789 29.839275 0.927782 19.324686 20 0.002000 -0.003001 
80.788887 29.850048 0.927715 19.358032 21 0.001857 -0.002763 
80.824593 29.874264 0.927568 19.441397 22 0.001546 -0.002258 
80.831047 29.878695 0.927541 19.458136 23 0.001499 -0.002181 
80.849037 29.891108 0.927467 19.508078 24 0.001333 -0.001923 
80.854652 29.895006 0.927443 19.524776 25 0.001294 -0.001860 
80.860092 29.898796 0.927421 19.541531 26 0.001251 -0.001795 
80.865303 29.902435 0.927399 19.558142 27 0.001198 -0.001713 
80.875237 29.909397 0.927358 19.591480 28 0.001119 -0.001592 
80.879951 29.912718 0.927338 19.608145 29 0.001077 -0.001529 
80.901245 29.927805 0.927250 19.691471 30 0.000901 -0.001265 
79.970612 28.685143 0.926982 20.091642 30 0.000000 0.000000 
77.956459 26.187147 0.688637 21.092051 30 0.000000 0.000000 
77.585213 26.004450 -0.080445 22.092552 30 0.000000 0.000000 
79.086456 25.505375 -0.302946 23.092999 30 0.000000 0.000000 
79.601898 25.415401 -0.023295 24.093321 30 0.000000 0.000000 
76.521904 26.006279 -0.215246 25.093842 30 0.000000 0.000000 
72.977013 26.840260 -0.246612 26.094177 30 0.000000 0.000000 
72.494453 26.933931 0.137334 27.094671 30 0.000000 0.000000 
72.434586 26.911743 0.497051 28.095070 30 0.000000 0.000000 
72.426659 26.909241 -0.102428 29.095516 30 0.000000 0.000000 
76.340416 26.026491 -0.259180 30.095947 30 0.000000 0.000000 
77.900154 25.740213 0.145357 31.096264 30 0.000000 0.000000 
78.100906 25.793039 0.533563 32.096760 30 0.000000 0.000000 
78.121979 25.810066 0.931991 33.097084 30 0.000000 0.000000 
78.123970 25.813013 1.023038 34.097511 30 0.000000 0.000000 
79.149948 27.528851 1.034936 35.098000 30 0.000000 0.000000 
80.383575 29.604712 1.036294 35.798302 31 0.001513 -0.002790 
80.455612 29.644547 1.036336 35.848347 32 0.007591 -0.013463 
80.477905 29.657190 1.036349 35.864922 33 0.007267 -0.012736 
80.499619 29.669653 1.036361 35.881626 34 0.007079 -0.012263 
80.540787 29.693680 1.036385 35.914948 35 0.006580 -0.011151 
80.579407 29.716702 1.036407 35.948414 36 0.006189 -0.010277 
80.632378 29.749046 1.036438 35.998421 37 0.005544 -0.008953 
80.648766 29.759239 1.036447 36.014996 38 0.005315 -0.008509 
80.664734 29.769255 1.036457 36.031712 39 0.005177 -0.008219 
80.680138 29.778996 1.036466 36.048397 40 0.004987 -0.007854 
80.695015 29.788479 1.036474 36.065079 41 0.004811 -0.007519 
80.709343 29.797682 1.036483 36.081707 42 0.004628 -0.007179 
80.723259 29.806688 1.036491 36.098427 43 0.004493 -0.006918 
80.723259 29.806688 1.036491 36.098427 43 0.000000 0.000000 
80.736671 29.815430 1.036498 36.115105 44 0.004325 -0.006613 
80.749573 29.823893 1.036506 36.131706 45 0.004155 -0.006311 
80.762108 29.832174 1.036513 36.148399 46 0.004033 -0.006085 
80.774193 29.840212 1.036520 36.165070 47 0.003886 -0.005827 
80.797203 29.855646 1.036534 36.198467 48 0.003597 -0.005330 
80.808136 29.863049 1.036540 36.215195 49 0.003504 -0.005162 
80.848106 29.890463 1.036564 36.281788 50 0.003026 -0.004367 
80.857315 29.896864 1.036569 36.298527 51 0.002933 -0.004212 
80.874756 29.909061 1.036579 36.331886 52 0.002724 -0.003876 
80.882996 29.914864 1.036584 36.348488 53 0.002616 -0.003706 
80.890984 29.920513 1.036589 36.365143 54 0.002532 -0.003573 
80.898743 29.926023 1.036593 36.381889 55 0.002457 -0.003453 
80.920357 29.941488 1.036606 36.431870 56 0.002198 -0.003055 
80.927101 29.946348 1.036610 36.448574 57 0.002127 -0.002946 
80.933617 29.951061 1.036614 36.465271 58 0.002050 -0.002829 
80.939903 29.955626 1.036617 36.481956 59 0.001977 -0.002720 
80.973358 29.980154 1.044150 36.581966 60 0.001615 -0.002183 
80.978287 29.983805 1.047046 36.598644 61 0.001570 -0.002117 
80.983032 29.987328 1.050361 36.615280 62 0.001523 -0.002048 
80.987633 29.990755 1.054109 36.632004 63 0.001488 -0.001997 
80.996338 29.997257 1.062778 36.665398 64 0.001420 -0.001897 
81.022171 30.016726 1.104150 36.781967 65 0.001199 -0.001580 
81.028473 30.021515 1.118936 36.815632 66 0.001175 -0.001544 
81.036949 30.027979 1.142307 36.865421 67 0.001089 -0.001425 
81.039566 30.029982 1.149761 36.882038 68 0.001067 -0.001394 
81.042107 30.031929 1.157018 36.898773 69 0.001052 -0.001372 
81.044533 30.033791 1.163985 36.915394 70 0.001024 -0.001334 
81.049141 30.037333 1.177297 36.948803 71 0.000986 -0.001281 
81.053406 30.040617 1.189702 36.982124 72 0.000938 -0.001217 
81.055420 30.042173 1.195608 36.998817 73 0.000919 -0.001190 
81.059235 30.045118 1.206818 37.032154 74 0.000875 -0.001132 
81.061035 30.046515 1.212148 37.048832 75 0.000850 -0.001098 
81.064445 30.049156 1.222279 37.082184 76 0.000810 -0.001045 
81.066063 30.050409 1.227103 37.098900 76 0.000000 0.000000 
81.067619 30.051617 1.231755 37.115574 77 0.000768 -0.000988 
81.069115 30.052778 1.236239 37.132202 78 0.000744 -0.000957 
81.070557 30.053904 1.240585 37.148876 79 0.000726 -0.000933 
81.075829 30.058008 1.257096 37.215591 80 0.000646 -0.000827 
81.077026 30.058947 1.261796 37.232269 81 0.000633 -0.000811 
81.079292 30.060715 1.272253 37.265514 82 0.000600 -0.000768 
81.080368 30.061558 1.278046 37.282269 83 0.000588 -0.000752 
81.082397 30.063145 1.290562 37.315628 84 0.000557 -0.000711 
81.083351 30.063892 1.297277 37.332275 85 0.000541 -0.000691 
81.085159 30.065310 1.311109 37.365662 86 0.000512 -0.000654 
81.086830 30.066622 1.324014 37.398994 87 0.000490 -0.000624 
81.090477 30.069483 1.352716 37.482391 88 0.000433 -0.000551 
81.091125 30.069992 1.357869 37.498985 89 0.000416 -0.000529 
81.091751 30.070488 1.362883 37.515690 90 0.000406 -0.000515 
81.092934 30.071421 1.372405 37.549065 91 0.000385 -0.000489 
81.094025 30.072279 1.381272 37.582325 92 0.000362 -0.000459 
81.095978 30.073818 1.397361 37.649090 93 0.000323 -0.000410 
81.098045 30.075449 1.414612 37.732452 94 0.000277 -0.000351 
81.099113 30.076292 1.423642 37.782463 95 0.000253 -0.000321 
81.100365 30.077280 1.434331 37.849098 96 0.000223 -0.000282 
81.100929 30.077728 1.439171 37.882523 97 0.000210 -0.000265 
81.101463 30.078148 1.443774 37.916553 98 0.000206 -0.000261 
81.102173 30.078707 1.449907 37.965935 99 0.000180 -0.000227 
81.074417 29.833187 1.463692 38.099201 99 0.000000 0.000000 
80.709267 25.705189 1.444950 39.099621 99 0.000000 0.000000 
80.973961 26.872732 1.363177 40.100067 99 0.000000 0.000000 
81.965576 30.954638 1.256152 41.033749 100 0.007184 -0.005517 
82.010902 31.014587 1.254595 41.050442 101 0.020779 -0.015467 
82.058365 31.079441 1.253087 41.067165 102 0.021241 -0.015286 
82.158134 31.223328 1.250228 41.100533 102 0.000000 0.000000 
82.315804 31.475349 1.246294 41.150482 103 0.019643 -0.011491 
82.369392 31.569275 1.245068 41.167149 104 0.018523 -0.010305 
82.423157 31.668539 1.243878 41.183891 105 0.017178 -0.009055 
82.472740 31.765142 1.242736 41.200497 106 0.014390 -0.007190 
82.612961 32.071106 1.239521 41.250530 107 0.008106 -0.003390 
82.654274 32.173050 1.238521 41.267200 108 0.005508 -0.002162 
82.694817 32.279915 1.237551 41.283928 109 0.003258 -0.001194 
83.755424 35.486103 1.415994 42.100960 109 0.000000 0.000000 
83.766716 36.198910 1.700700 43.101345 109 0.000000 0.000000 
84.018959 34.435040 1.727545 43.584831 110 -0.014981 0.001308 
84.010811 34.328613 1.728080 43.601501 111 -0.025231 0.001662 
84.001236 33.888920 1.730049 43.668285 112 -0.016153 -0.000359 
84.011131 33.666573 1.730940 43.701744 113 -0.011430 -0.000764 
84.029175 33.460629 1.731764 43.734886 114 -0.006330 -0.000687 
84.040833 33.362328 1.732158 43.751556 115 -0.004222 -0.000543 
84.068443 33.175545 1.732910 43.784996 116 -0.000491 -0.000082 
84.276604 31.918613 1.730465 44.101715 116 0.000000 0.000000 
84.305473 32.279118 1.614102 44.768734 117 -0.001319 -0.000483 
84.271431 32.374985 1.612660 44.785389 118 -0.029446 -0.010119 
84.237930 32.475971 1.611262 44.802086 119 -0.028888 -0.009245 
84.176109 32.684685 1.608610 44.835400 120 -0.025065 -0.006835 
84.060120 33.226955 1.602712 44.918762 121 -0.015036 -0.002353 
84.044205 33.336582 1.601638 44.935596 122 -0.012357 -0.001654 
84.030426 33.449242 1.600611 44.952240 123 -0.010269 -0.001138 
84.019562 33.558182 1.599622 44.968822 124 -0.007602 -0.000674 
84.004753 33.782063 1.597731 45.002174 125 -0.002931 -0.000128 
83.987465 34.455070 1.592774 45.102177 125 0.000000 0.000000 
12.000000 25.000000 0.000000 46.102482 126 0.000000 0.000000 
12.000000 25.000000 0.000000 47.102947 126 0.000000 0.000000 
