12.000000 25.000000 0.000000 1.000369 0 0.000000 0.000000 
12.000000 25.000000 0.000000 2.000896 0 0.000000 0.000000 
12.966887 25.000000 0.000000 3.001327 0 0.000000 0.000000 
19.707882 25.000000 0.000000 4.001800 0 0.000000 0.000000 
26.568933 25.000000 0.000000 5.018838 0 0.000000 0.000000 
33.319778 25.000000 0.000000 6.019422 0 0.000000 0.000000 
40.183270 25.000000 0.000000 7.036400 0 0.000000 0.000000 
46.933983 25.000000 0.000000 8.036941 0 0.000000 0.000000 
53.682316 25.000000 0.000000 9.037365 0 0.000000 0.000000 
60.432709 25.000000 0.000000 10.037718 0 0.000000 0.000000 
67.184319 25.000000 0.000000 11.038328 0 0.000000 0.000000 
73.933228 25.000000 0.000000 12.038618 0 0.000000 0.000000 
75.512680 25.000000 0.000000 13.039123 0 0.000000 0.000000 
75.361778 25.000000 0.000000 14.039480 0 0.000000 0.000000 
76.214287 24.940767 -0.426540 15.040016 0 0.000000 0.000000 
76.298241 24.870184 -1.184121 16.040394 0 0.000000 0.000000 
76.302643 24.856216 -1.281704 17.040844 0 0.000000 0.000000 
76.303513 24.854546 -0.576689 18.041355 0 0.000000 0.000000 
76.303719 24.854477 0.101375 19.041828 0 0.000000 0.000000 
76.303719 24.854477 0.164953 20.042143 0 0.000000 0.000000 
80.225639 25.226736 0.076174 21.042679 0 0.000000 0.000000 
81.668907 25.168556 -0.454858 22.026503 0 0.000000 0.000000 
81.811401 25.038563 -1.295661 23.026829 0 0.000000 0.000000 
81.876472 23.726650 -1.534846 24.027319 0 0.000000 0.000000 
81.982071 16.968227 -1.566100 25.027864 0 0.000000 0.000000 
81.991356 16.293913 -1.566964 25.127829 1 0.006361 0.000375 
81.996750 16.180319 -1.567091 25.144405 2 0.004957 0.000179 
81.999527 16.068943 -1.567216 25.161194 3 0.002363 0.000033 
82.005219 13.412142 -1.570183 26.028133 3 0.000000 0.000000 
82.005409 12.361809 -1.570717 27.028572 3 0.000000 0.000000 
82.005409 11.818955 -1.570787 28.029087 3 0.000000 0.000000 
