13.424396 25.000000 0.000000 0.988259 0 0.000000 0.000000 
20.099680 25.000000 0.000000 1.976792 0 0.000000 0.000000 
26.926735 25.000000 0.000000 2.988560 0 0.000000 0.000000 
33.618877 25.000000 0.000000 3.977022 0 0.000000 0.000000 
40.484444 25.000000 0.000000 4.988652 0 0.000000 0.000000 
47.180729 25.000000 0.000000 5.977099 0 0.000000 0.000000 
54.035069 25.000000 0.000000 6.988818 0 0.000000 0.000000 
60.737606 25.000000 0.000000 7.977408 0 0.000000 0.000000 
67.585106 25.000000 0.000000 8.989043 0 0.000000 0.000000 
73.363861 25.000000 0.000000 9.977442 0 0.000000 0.000000 
76.507477 24.810905 -0.518829 10.989185 0 0.000000 0.000000 
76.822678 24.528654 -0.982019 11.977675 0 0.000000 0.000000 
76.850395 24.479235 -1.017726 12.989334 0 0.000000 0.000000 
76.908287 24.441130 -0.547164 13.977776 0 0.000000 0.000000 
80.460686 22.431456 -0.708158 14.989604 0 0.000000 0.000000 
80.859489 21.870039 -1.312384 15.989588 0 0.000000 0.000000 
81.288795 19.311861 -1.413963 16.989725 0 0.000000 0.000000 
81.480659 18.218931 -1.418347 17.154446 1 0.019924 0.009867 
81.545296 18.083340 -1.418861 17.177956 2 0.019324 0.008857 
81.577255 18.012152 -1.419110 17.189709 3 0.019728 0.008672 
81.607544 17.941792 -1.419353 17.201479 4 0.018347 0.007732 
81.636551 17.871473 -1.419593 17.213404 5 0.017210 0.006947 
81.665009 17.799362 -1.419821 17.224997 6 0.016501 0.006365 
81.692291 17.726963 -1.420047 17.236801 7 0.015404 0.005669 
81.745323 17.575396 -1.420486 17.260452 8 0.013576 0.004507 
81.792580 17.425205 -1.420899 17.283848 9 0.011456 0.003407 
81.814583 17.348984 -1.421100 17.295628 10 0.010067 0.002821 
81.854881 17.195881 -1.421487 17.319130 11 0.007759 0.001911 
81.873253 17.118677 -1.421674 17.330906 12 0.006528 0.001498 
81.889999 17.043013 -1.421856 17.342670 13 0.005214 0.001112 
81.934044 16.809471 -1.422378 17.377989 14 0.001660 0.000272 
81.946472 16.729656 -1.422544 17.389750 15 0.000482 0.000071 
82.489464 13.025314 -1.427382 17.989805 15 0.000000 0.000000 
12.667570 25.000000 0.000000 18.978224 16 0.000000 0.000000 
12.870070 25.000000 0.000000 19.966473 16 0.000000 0.000000 
