12.000000 25.000000 0.000000 1.000141 0 0.000000 0.000000 
14.188871 25.000000 0.000000 2.000445 0 0.000000 0.000000 
21.057295 25.000000 0.000000 3.017541 0 0.000000 0.000000 
27.919058 25.000000 0.000000 4.034739 0 0.000000 0.000000 
34.668930 25.000000 0.000000 5.035143 0 0.000000 0.000000 
41.418324 25.000000 0.000000 6.035498 0 0.000000 0.000000 
48.168797 25.000000 0.000000 7.035971 0 0.000000 0.000000 
54.129673 24.999973 -0.001552 8.036395 0 0.000000 0.000000 
55.438416 24.862049 -0.295578 9.036736 0 0.000000 0.000000 
55.601711 24.805939 -0.412230 10.037169 0 0.000000 0.000000 
55.622116 24.796299 -0.530741 11.037669 0 0.000000 0.000000 
55.624702 24.794910 -0.173737 12.038192 0 0.000000 0.000000 
55.625099 24.794947 0.427182 13.038502 0 0.000000 0.000000 
55.625099 24.794947 0.561065 14.038846 0 0.000000 0.000000 
55.625099 24.794947 0.295074 15.039301 0 0.000000 0.000000 
57.249828 24.886105 0.040692 16.039671 0 0.000000 0.000000 
61.078995 25.086252 0.210721 17.040102 0 0.000000 0.000000 
61.573940 25.265310 0.609239 18.040529 0 0.000000 0.000000 
61.627220 25.309355 0.776031 19.040937 0 0.000000 0.000000 
61.633900 25.315388 0.422356 20.041508 0 0.000000 0.000000 
65.074814 25.802244 0.076586 21.041801 0 0.000000 0.000000 
66.315979 26.058502 0.638634 22.042341 0 0.000000 0.000000 
66.422409 26.184885 1.200483 23.042738 0 0.000000 0.000000 
66.428848 26.205744 1.344883 24.043114 0 0.000000 0.000000 
66.619545 27.109491 1.363757 25.043562 0 0.000000 0.000000 
67.200348 29.893059 1.366210 26.027361 0 0.000000 0.000000 
68.131088 34.383823 1.366544 27.027802 0 0.000000 0.000000 
12.000000 25.000000 0.000000 28.028082 1 0.000000 0.000000 
12.000000 25.000000 0.000000 29.028503 1 0.000000 0.000000 
13.997615 25.000000 0.000000 30.028908 1 0.000000 0.000000 
