13.916103 25.000000 0.000000 1.000021 0 0.000000 0.000000 
20.689428 25.000000 0.000000 2.000116 0 0.000000 0.000000 
27.462940 25.000000 0.000000 3.000213 0 0.000000 0.000000 
34.237877 25.000000 0.000000 4.000318 0 0.000000 0.000000 
41.014198 25.000000 0.000000 5.000502 0 0.000000 0.000000 
47.784672 25.000000 0.000000 6.000566 0 0.000000 0.000000 
54.556049 25.000000 0.000000 7.000659 0 0.000000 0.000000 
61.334263 25.000000 0.000000 8.000784 0 0.000000 0.000000 
68.106964 25.000000 0.000000 9.000820 0 0.000000 0.000000 
74.440651 25.003485 0.028281 10.000958 0 0.000000 0.000000 
75.966393 25.532576 0.535013 11.000998 0 0.000000 0.000000 
78.660645 25.870491 0.156061 12.001153 0 0.000000 0.000000 
79.433937 26.383118 1.231540 13.001205 0 0.000000 0.000000 
79.467598 26.508020 1.214017 14.001296 0 0.000000 0.000000 
79.474190 26.523796 1.197803 15.001340 0 0.000000 0.000000 
80.536621 28.527037 1.071638 16.001469 0 0.000000 0.000000 
81.207527 30.129868 1.343836 17.001667 0 0.000000 0.000000 
81.218582 30.173679 1.353223 17.095682 1 0.000884 -0.001051 
81.221695 30.176302 1.354270 17.107368 2 0.002010 -0.002385 
81.230690 30.183899 1.357296 17.142797 3 0.001902 -0.002247 
81.236275 30.188629 1.359177 17.166172 4 0.001805 -0.002126 
81.238991 30.190941 1.360095 17.177982 5 0.001771 -0.002083 
81.244209 30.195385 1.361856 17.201490 6 0.001672 -0.001961 
81.249184 30.199631 1.363539 17.225031 7 0.001609 -0.001881 
81.251595 30.201691 1.364354 17.236864 8 0.001585 -0.001851 
81.253906 30.203674 1.365139 17.248526 9 0.001527 -0.001781 
81.260605 30.209427 1.367413 17.283934 10 0.001443 -0.001677 
81.270676 30.218113 1.370841 17.342644 11 0.001261 -0.001459 
81.274391 30.221325 1.372106 17.366213 12 0.001225 -0.001413 
81.276192 30.222885 1.372720 17.378052 13 0.001202 -0.001386 
81.277924 30.224390 1.373310 17.389719 14 0.001157 -0.001332 
81.279633 30.225876 1.373893 17.401531 15 0.001145 -0.001317 
81.281296 30.227320 1.374461 17.413311 16 0.001119 -0.001287 
81.282913 30.228729 1.375016 17.425083 17 0.001092 -0.001254 
81.284492 30.230103 1.375556 17.436829 18 0.001065 -0.001223 
81.286034 30.231447 1.376083 17.448572 19 0.001037 -0.001190 
81.287544 30.232763 1.376600 17.460363 20 0.001020 -0.001169 
81.289024 30.234055 1.377106 17.472172 21 0.000996 -0.001140 
81.290451 30.235302 1.377595 17.483864 22 0.000966 -0.001105 
81.291855 30.236528 1.378076 17.495649 23 0.000950 -0.001087 
81.293221 30.237728 1.378545 17.507402 24 0.000924 -0.001055 
81.297127 30.241150 1.379887 17.542690 25 0.000863 -0.000984 
81.298370 30.242241 1.380314 17.554482 26 0.000847 -0.000965 
81.299583 30.243305 1.380730 17.566231 27 0.000823 -0.000937 
81.300766 30.244343 1.381136 17.577993 28 0.000807 -0.000918 
81.301918 30.245359 1.381534 17.589771 29 0.000788 -0.000896 
81.304153 30.247324 1.382301 17.613333 30 0.000753 -0.000855 
81.305222 30.248264 1.382669 17.625038 31 0.000731 -0.000830 
81.306267 30.249187 1.383029 17.636784 32 0.000717 -0.000813 
81.309265 30.251835 1.384063 17.672119 33 0.000667 -0.000755 
81.311150 30.253494 1.384712 17.695656 34 0.000638 -0.000722 
81.312057 30.254297 1.385025 17.707417 35 0.000623 -0.000704 
81.312943 30.255079 1.385330 17.719181 36 0.000608 -0.000688 
81.313805 30.255844 1.385628 17.730921 37 0.000593 -0.000670 
81.314651 30.256596 1.385920 17.742722 38 0.000581 -0.000656 
81.317062 30.258734 1.386753 17.777990 39 0.000537 -0.000605 
81.318581 30.260075 1.387277 17.801538 40 0.000516 -0.000582 
81.319313 30.260725 1.387529 17.813272 41 0.000500 -0.000563 
81.320023 30.261360 1.387776 17.825041 42 0.000491 -0.000553 
81.322067 30.263174 1.388482 17.860378 43 0.000457 -0.000514 
81.323341 30.264309 1.388925 17.883884 44 0.000437 -0.000491 
81.327888 30.268354 1.390502 17.978100 45 0.000363 -0.000407 
81.328392 30.268808 1.389942 17.989817 46 0.000353 -0.000395 
81.328896 30.269253 1.388644 18.001667 46 0.000000 0.000000 
81.329376 30.269682 1.386671 18.013290 47 0.000333 -0.000373 
81.329849 30.270107 1.383982 18.025051 48 0.000328 -0.000367 
81.331215 30.271330 1.371931 18.060385 49 0.000293 -0.000328 
81.332085 30.272104 1.360706 18.083941 50 0.000282 -0.000316 
81.332916 30.272848 1.347127 18.107430 51 0.000260 -0.000291 
81.333717 30.273561 1.331220 18.130966 52 0.000249 -0.000279 
81.334106 30.273914 1.322752 18.142817 53 0.000240 -0.000268 
81.335945 30.275558 1.283642 18.201567 54 0.000199 -0.000222 
81.336632 30.276176 1.269231 18.225107 55 0.000187 -0.000208 
81.337296 30.276772 1.255500 18.248629 56 0.000171 -0.000191 
81.338539 30.277885 1.229909 18.295704 57 0.000148 -0.000165 
81.339691 30.278917 1.206653 18.342756 58 0.000130 -0.000145 
81.340233 30.279402 1.195818 18.366310 59 0.000121 -0.000135 
81.340500 30.279640 1.190558 18.378160 60 0.000119 -0.000132 
81.340752 30.279871 1.185498 18.389837 61 0.000110 -0.000123 
81.341728 30.280743 1.166279 18.436886 62 0.000096 -0.000107 
81.341957 30.280952 1.161750 18.448656 63 0.000094 -0.000104 
81.343033 30.281918 1.140671 18.507465 64 0.000083 -0.000092 
81.343231 30.282101 1.136739 18.519255 65 0.000080 -0.000089 
81.343819 30.282625 1.125503 18.554577 66 0.000068 -0.000075 
81.344002 30.282791 1.121944 18.566315 67 0.000069 -0.000077 
81.344360 30.283113 1.115062 18.589834 68 0.000063 -0.000070 
81.345032 30.283720 1.102193 18.637060 69 0.000057 -0.000063 
81.345634 30.284262 1.090578 18.683952 70 0.000049 -0.000055 
81.346321 30.284880 1.077481 18.742781 71 0.000041 -0.000045 
81.346573 30.285107 1.072667 18.766294 72 0.000040 -0.000044 
81.346939 30.285431 1.065852 18.801620 73 0.000035 -0.000039 
81.347054 30.285534 1.063686 18.813393 74 0.000035 -0.000039 
81.347160 30.285637 1.061574 18.825153 75 0.000033 -0.000037 
81.347382 30.285833 1.057494 18.848703 76 0.000031 -0.000034 
81.347588 30.286020 1.053613 18.872190 77 0.000032 -0.000035 
81.347885 30.286283 1.048094 18.907631 78 0.000027 -0.000030 
81.347977 30.286369 1.046370 18.919250 79 0.000023 -0.000026 
81.348068 30.286449 1.044665 18.931013 80 0.000028 -0.000031 
81.348152 30.286530 1.042991 18.942839 81 0.000025 -0.000028 
81.348488 30.286829 1.036714 18.989901 82 0.000022 -0.000024 
81.348572 30.286903 1.035221 19.001778 83 0.000020 -0.000023 
81.348572 30.286903 1.035221 19.001778 83 0.000000 0.000000 
81.348648 30.286972 1.033799 19.013376 84 0.000020 -0.000023 
81.348724 30.287041 1.032388 19.025154 85 0.000020 -0.000022 
81.348801 30.287109 1.031005 19.036974 86 0.000019 -0.000021 
81.348877 30.287178 1.029635 19.048965 87 0.000019 -0.000021 
81.348946 30.287245 1.028353 19.060471 88 0.000016 -0.000018 
81.349144 30.287424 1.024590 19.095852 89 0.000017 -0.000019 
81.349503 30.287746 1.017849 19.166348 90 0.000017 -0.000019 
81.349663 30.287889 1.014818 19.201658 91 0.000014 -0.000016 
81.349716 30.287937 1.013856 19.213404 92 0.000013 -0.000014 
81.349770 30.287985 1.012912 19.225220 93 0.000013 -0.000014 
81.349823 30.288031 1.011989 19.237049 94 0.000012 -0.000013 
81.349869 30.288078 1.011099 19.248735 95 0.000009 -0.000010 
81.350044 30.288239 1.007722 19.295752 96 0.000011 -0.000012 
81.350128 30.288311 1.006146 19.319328 97 0.000010 -0.000011 
81.350426 30.288580 1.000551 19.413469 98 0.000010 -0.000011 
79.518578 27.504330 0.981999 20.001816 98 0.000000 0.000000 
79.659508 27.701180 0.974966 21.001898 98 0.000000 0.000000 
81.553574 30.482601 0.974192 21.637157 99 0.003856 -0.003816 
81.663109 30.596821 0.974178 21.660744 100 0.009400 -0.008733 
81.864258 30.827063 0.974152 21.707754 101 0.005628 -0.004621 
81.909592 30.883099 0.974146 21.719475 102 0.004718 -0.003761 
82.035675 31.048162 0.974129 21.754833 103 0.002264 -0.001656 
82.074127 31.101463 0.974124 21.766558 104 0.001515 -0.001078 
82.111198 31.154289 0.974118 21.778343 105 0.000806 -0.000558 
82.146675 31.206238 0.974113 21.790110 106 0.000127 -0.000086 
82.639023 31.971600 1.066765 22.002016 106 0.000000 0.000000 
83.105362 33.357655 1.578497 23.002146 106 0.000000 0.000000 
83.499458 36.721214 1.427763 24.002247 106 0.000000 0.000000 
12.000000 25.000000 0.000000 25.002239 107 0.000000 0.000000 
12.000000 25.000000 0.000000 26.002304 107 0.000000 0.000000 
12.000000 25.000000 0.000000 27.002390 107 0.000000 0.000000 
