12.000000 25.000000 0.000000 1.017375 0 0.000000 0.000000 
17.906649 25.000000 0.000000 2.034189 0 0.000000 0.000000 
24.543785 25.000000 0.000000 3.017985 0 0.000000 0.000000 
31.294035 25.000000 0.000000 4.018425 0 0.000000 0.000000 
38.043953 25.000000 0.000000 5.018819 0 0.000000 0.000000 
44.793915 25.000000 0.000000 6.019230 0 0.000000 0.000000 
51.085197 24.954210 -0.089890 7.019586 0 0.000000 0.000000 
52.638115 24.537489 -0.493297 8.020015 0 0.000000 0.000000 
53.580940 24.267021 -0.201322 9.020411 0 0.000000 0.000000 
59.483257 23.519159 -0.080928 10.020905 0 0.000000 0.000000 
61.055042 23.223593 -0.576616 11.021362 0 0.000000 0.000000 
61.212967 23.085764 -0.929845 12.021689 0 0.000000 0.000000 
61.229923 23.064154 -0.606637 13.023219 0 0.000000 0.000000 
61.233227 23.063000 0.248765 14.022600 0 0.000000 0.000000 
61.233646 23.063206 0.825899 15.023003 0 0.000000 0.000000 
61.233646 23.063246 0.833270 16.023369 0 0.000000 0.000000 
64.444542 25.575363 0.628224 17.023844 0 0.000000 0.000000 
67.029465 27.483829 0.823503 18.024330 0 0.000000 0.000000 
67.280106 27.914389 1.399707 19.024723 0 0.000000 0.000000 
67.313911 28.946869 1.548436 20.025120 0 0.000000 0.000000 
67.379349 35.695446 1.567874 21.025585 0 0.000000 0.000000 
12.000000 25.000000 0.000000 22.025885 1 0.000000 0.000000 
12.000000 25.000000 0.000000 23.026381 1 0.000000 0.000000 
12.000000 25.000000 0.000000 24.026796 1 0.000000 0.000000 
