12.559050 25.000000 0.000000 0.983367 0 0.000000 0.000000 
19.360081 25.000000 0.000000 1.983430 0 0.000000 0.000000 
26.117157 25.000000 0.000000 2.983590 0 0.000000 0.000000 
32.867764 25.000000 0.000000 3.983637 0 0.000000 0.000000 
39.617798 25.000000 0.000000 4.983728 0 0.000000 0.000000 
46.368305 25.000000 0.000000 5.983890 0 0.000000 0.000000 
52.788517 25.000000 0.000000 6.983907 0 0.000000 0.000000 
59.533451 25.000000 0.000000 7.984055 0 0.000000 0.000000 
66.282318 25.000000 0.000000 8.984085 0 0.000000 0.000000 
72.920212 25.000000 0.000000 9.984140 0 0.000000 0.000000 
75.089378 24.828568 -0.641744 10.984271 0 0.000000 0.000000 
75.276321 24.612438 -0.922865 11.984363 0 0.000000 0.000000 
77.914009 22.738197 -0.562381 12.984461 0 0.000000 0.000000 
79.179352 21.608385 -1.144936 13.984551 0 0.000000 0.000000 
79.257393 21.397476 -1.164711 14.984645 0 0.000000 0.000000 
79.270241 21.371008 -1.174415 15.984717 0 0.000000 0.000000 
79.746758 20.177958 -1.204799 16.284742 1 0.004103 0.006241 
79.825188 20.125328 -1.206004 16.301422 2 0.037350 0.054539 
79.901520 20.071997 -1.207178 16.318235 3 0.036442 0.051142 
80.054237 19.958744 -1.209381 16.351418 4 0.035763 0.046354 
80.131950 19.897549 -1.210434 16.368107 5 0.037116 0.046189 
80.206512 19.836441 -1.211450 16.384758 6 0.035522 0.042500 
80.283218 19.771004 -1.212432 16.401417 7 0.036415 0.041825 
80.504730 19.566072 -1.215189 16.451433 8 0.033622 0.034210 
80.578644 19.491894 -1.216046 16.468094 9 0.034032 0.033207 
80.649490 19.417784 -1.216879 16.484825 10 0.032216 0.030170 
80.717392 19.343800 -1.217688 16.501646 11 0.030448 0.027388 
80.955086 19.058966 -1.220629 16.568172 12 0.023120 0.017882 
81.104126 18.855898 -1.222589 16.618093 13 0.018272 0.012715 
81.148918 18.790421 -1.223202 16.634781 14 0.016903 0.011368 
81.269547 18.602104 -1.224916 16.684774 15 0.012996 0.007921 
81.371964 18.426100 -1.226464 16.734770 16 0.009740 0.005405 
81.402512 18.370214 -1.226946 16.751438 17 0.008801 0.004738 
81.431496 18.315567 -1.227414 16.768158 18 0.007934 0.004146 
81.458763 18.262623 -1.227863 16.784786 19 0.007054 0.003580 
81.484581 18.210999 -1.228298 16.801435 20 0.006281 0.003097 
81.594284 17.972948 -1.233366 16.884798 21 0.003170 0.001361 
81.646790 17.845903 -1.246313 16.934790 22 0.002173 0.000863 
81.662430 17.806028 -1.252418 16.951458 23 0.001969 0.000763 
81.691223 17.729856 -1.267126 16.984791 24 0.001719 0.000634 
81.691223 17.729856 -1.267126 16.984791 24 0.000000 0.000000 
81.740112 17.591022 -1.304754 17.051462 25 0.001699 0.000570 
81.750786 17.558867 -1.314176 17.068182 26 0.001751 0.000575 
81.760902 17.527687 -1.323293 17.084921 27 0.001783 0.000572 
81.770432 17.497658 -1.332058 17.101570 28 0.001801 0.000566 
81.796135 17.413189 -1.356627 17.151493 29 0.001837 0.000541 
81.803833 17.386786 -1.364283 17.168146 30 0.001841 0.000531 
81.824677 17.312437 -1.385783 17.218172 31 0.001832 0.000498 
81.836861 17.266811 -1.398938 17.251495 32 0.001797 0.000471 
81.842491 17.245106 -1.405185 17.268148 33 0.001784 0.000459 
81.847855 17.224064 -1.411236 17.284834 34 0.001767 0.000446 
81.852943 17.203732 -1.417077 17.301498 35 0.001744 0.000433 
81.857834 17.183832 -1.422789 17.318354 36 0.001739 0.000424 
81.862404 17.164911 -1.428215 17.334927 37 0.001687 0.000404 
81.870926 17.128765 -1.438571 17.368193 38 0.001645 0.000381 
81.874878 17.111553 -1.443497 17.384842 39 0.001619 0.000369 
81.885658 17.063166 -1.457327 17.434845 40 0.001528 0.000332 
81.897804 17.005756 -1.473706 17.501499 41 0.001401 0.000288 
81.900528 16.992395 -1.477513 17.518373 42 0.001394 0.000282 
81.904495 16.972572 -1.481100 17.534832 43 0.002078 0.000412 
81.920082 16.890392 -1.488039 17.568304 44 0.004707 0.000852 
81.930725 16.829428 -1.491321 17.584970 45 0.005509 0.000927 
81.942505 16.756088 -1.494470 17.601513 46 0.005864 0.000897 
81.954979 16.669477 -1.497541 17.618198 47 0.005789 0.000782 
81.967323 16.570732 -1.500505 17.634859 48 0.005055 0.000581 
81.978798 16.460001 -1.503373 17.651531 49 0.003652 0.000337 
81.988060 16.345299 -1.506143 17.668194 50 0.001513 0.000105 
82.083603 14.202229 -1.544309 17.984913 50 0.000000 0.000000 
12.000000 25.000000 0.000000 18.984945 51 0.000000 0.000000 
12.000000 25.000000 0.000000 19.984999 51 0.000000 0.000000 
