13.233655 25.000000 0.000000 1.000089 0 0.000000 0.000000 
20.007215 25.000000 0.000000 2.000190 0 0.000000 0.000000 
26.778545 25.000000 0.000000 3.000329 0 0.000000 0.000000 
33.549919 25.000000 0.000000 4.000350 0 0.000000 0.000000 
40.328365 25.000000 0.000000 5.000444 0 0.000000 0.000000 
47.102695 25.000000 0.000000 6.000624 0 0.000000 0.000000 
53.811298 25.000000 0.000000 7.000643 0 0.000000 0.000000 
56.055527 24.527641 -0.850994 8.000730 0 0.000000 0.000000 
56.309868 24.384718 0.581803 9.000787 0 0.000000 0.000000 
56.338131 24.414614 0.559640 10.000921 0 0.000000 0.000000 
60.404953 24.864887 0.014761 11.001165 0 0.000000 0.000000 
63.633995 25.120050 0.666435 12.001070 0 0.000000 0.000000 
63.869637 25.482132 1.162904 13.001149 0 0.000000 0.000000 
65.092232 27.990669 1.107927 14.001245 0 0.000000 0.000000 
65.497673 29.063148 1.376083 15.001322 0 0.000000 0.000000 
65.526451 29.212353 1.240263 16.001448 0 0.000000 0.000000 
67.441483 33.597019 1.131782 17.001514 0 0.000000 0.000000 
12.000000 25.000000 0.037932 18.001614 1 0.000000 0.000000 
12.000000 25.000000 0.623577 19.001657 1 0.000000 0.000000 
