13.233874 25.000000 0.000000 0.999852 0 0.000000 0.000000 
20.011379 25.000000 0.000000 1.999941 0 0.000000 0.000000 
26.784191 25.000000 0.000000 3.000054 0 0.000000 0.000000 
33.558186 25.000000 0.000000 4.000190 0 0.000000 0.000000 
40.331867 25.000000 0.000000 5.000240 0 0.000000 0.000000 
47.106319 25.000000 0.000000 6.000306 0 0.000000 0.000000 
53.369850 24.933266 -0.172783 7.000434 0 0.000000 0.000000 
54.730152 24.182373 -0.646303 8.000484 0 0.000000 0.000000 
58.694366 23.953157 0.086474 9.000577 0 0.000000 0.000000 
62.184010 24.060345 -0.545466 10.000671 0 0.000000 0.000000 
62.533630 23.709030 -0.982765 11.000778 0 0.000000 0.000000 
62.695816 23.565252 -0.606158 12.000885 0 0.000000 0.000000 
66.386276 21.386518 -0.725832 13.000970 0 0.000000 0.000000 
66.812485 20.913519 -1.197498 14.001033 0 0.000000 0.000000 
66.832230 20.831545 -1.279958 15.001147 0 0.000000 0.000000 
68.283096 17.624264 -1.223752 16.001219 0 0.000000 0.000000 
68.590607 16.413979 -1.502390 17.001331 0 0.000000 0.000000 
12.000000 25.000000 0.000000 18.001371 1 0.000000 0.000000 
12.000000 25.000000 0.000000 19.001408 1 0.000000 0.000000 
